8300
18300
9200
0
2900
8000
5300
5800
6800
13000
23900
49200
4500
6200
7100
8600
26900
6500
9200
11100
0
6600
12900
11500
0
0
16500
27300
70700
129300
100100
57700
4400
3400
6200
4800
4000
8900
7300
6000
4400
3300
8400
9700
4500
8400
6200
7000
19100
31300
6100
4300
4600
6800
8300
22800
7800
11600
13600
25700
32400
14900
18900
18800
0
5200
6200
6500
6300
5500
7700
9000
14700
35700
0
8000
18000
39600
0
42600
10000
6300
11400
6700
5600
0
6600
13500
29100
0
25300
45700
2100
3100
0
2800
5200
3700
7800
19300
22000
35400
41300
17300
6400
13500
2600
3900
2500
3800
3000
1100
2200
1200
5700
2400
6500
1100
2200
2900
1600
3800
4200
3700
3500
2800
6300
2200
8400
3500
6700
14800
11800
35200
61700
11700
4800
1500
2200
1400
5000
2200
3900
1200
1700
3000
2600
1900
1900
4200
2700
23400
5900
1300
800
2100
1300
2200
2400
1500
6500
4000
17600
3500
800
2900
1500
3100
4500
7000
1600
3700
5900
2700
3400
1800
1100
1700
7600
9900
2100
4700
3600
4300
0
1100
1200
900
1000
800
600
2000
2600
500
1500
0
0
3100
900
1000
1100
4600
2600
3900
1700
1400
1800
1900
0
8100
0
900
1100
0
2000
0
1400
2100
2100
400
800
500
800
2000
2400
300
1000
500
800
200
500
400
0
0
17300
600
1200
700
600
300
400
200
300
400
0
300
200
600
300
600
600
400
300
400
500
500
700
400
700
500
500
500
600
1300
0
7800
500
300
200
300
600
600
800
800
600
1000
0
1000
600
600
1000
500
800
600
400
700
0
1100
900
1000
1600
1000
1600
800
2700
2400
1400
700
0
800
700
900
600
800
800
400
0
500
15500
600
1900
1500
700
1300
1700
800
0
600
800
2000
1200
1100
2100
1800
1500
1000
0
800
500
2400
2000
300
400
8800
1200
800
1100
700
1300
1400
2200
0
1400
1300
1100
1200
0
2100
3100
1300
1100
1200
300
700
900
700
1200
900
800
700
300
400
300
300
600
600
500
0
900
900
1100
700
900
900
1300
1300
2700
5900
1100
1300
0
4000
8000
1400
3000
800
700
1400
1500
1300
700
400
700
400
600
600
4000
2200
1400
400
800
300
700
400
300
500
400
1000
1200
700
1700
900
1800
1100
900
1300
400
1200
700
1600
1200
700
1000
400
1700
800
800
300
700
1100
1000
800
900
600
600
1200
900
700
700
800
1100
800
2300
600
0
600
700
1200
1400
1600
900
700
800
1500
2600
3800
0
1300
2400
2000
9900
1400
1000
800
1200
0
800
1800
1300
0
600
1200
1000
700
400
900
800
1200
1800
3300
2100
1500
2200
3000
2200
0
0
1500
1300
1700
1900
1500
2200
2200
2100
1300
0
800
2100
900
1000
400
1400
900
700
600
700
500
1300
2100
2500
2100
2400
5500
1700
1700
1500
1600
1600
3400
1700
2400
1400
1000
1600
2400
4000
4300
3000
5200
2400
2100
1400
2700
2000
4400
2300
1700
3000
3900
4600
3300
2900
2200
7200
3200
10900
3000
0
3400
0
2900
3700
5600
10500
44900
33100
7100
10700
2400
4500
9400
9500
8100
5900
3100
5500
15800
15600
2700
5900
9800
7900
9100
5000
4800
8100
13500
20000
21700
32500
12400
17900
18600
25000
40900
84400
95500
7300
40800
18000
21600
18800
20100
4700
7400
25100
4900
15600
5600
10300
46900
1600
900
1600
700
1000
1600
0
3000
400
700
700
800
700
1000
700
600
600
500
600
700
600
600
6900
300
200
400
500
1000
800
600
100
500
400
200
800
400
400
2900
1100
2400
0
600
600
500
400
500
300
1000
300
200
800
600
700
2800
7900
900
3600
300
300
800
800
2000
3000
3400
400
300
500
500
900
1400
900
300
500
1100
1900
800
200
300
500
300
100
200
200
900
600
300
700
300
200
300
800
600
1000
0
43700
2000
1700
1900
20500
400
600
700
300
300
1600
1000
800
500
700
600
400
1600
600
1900
1000
0
0
200
400
1800
1400
1100
2500
3800
8900
2000
1300
1400
500
200
200
600
1300
0
600
800
100
300
300
200
900
0
500
10800
1000
25800
600
1600
400
1000
400
700
500
600
1300
900
1500
1700
400
700
1400
900
500
400
200
1600
700
700
0
400
1100
700
1400
400
500
300
600
700
3300
800
1100
0
2000
0
8300
1000
400
600
800
6600
700
300
2400
600
300
300
700
800
300
600
1600
1000
0
700
600
1800
1100
0
1100
1300
8100
1300
2800
900
2800
1800
2800
1600
1700
1000
2000
3100
3400
3000
2700
15300
4000
7100
1900
1100
2000
5500
3200
1200
1200
1800
6000
4800
800
1300
600
900
1200
6700
900
7200
1500
2200
1400
4500
0
0
1000
2600
2100
1900
1800
4200
4700
11500
5500
13800
23800
15300
5800
900
1500
0
700
500
1200
1900
1000
1000
800
2800
1500
900
1300
900
1800
1700
2300
6800
1300
1100
1600
4500
13900
4300
2200
800
700
2800
600
2500
2800
600
1700
2200
2600
0
3100
2800
7800
16500
1500
2800
4700
16400
2700
400
1100
800
1100
1900
200
1000
13400
3200
2100
800
900
900
600
400
1100
3400
2700
0
700
100
400
700
300
200
400
400
1300
700
900
400
300
0
0
500
900
900
1500
800
1900
400
500
1500
1200
900
900
600
700
800
1000
800
1200
1400
1500
1700
1300
1700
1800
2000
700
1600
1400
1100
1100
2500
1200
1800
3100
3600
5900
14000
2900
3600
2300
4600
6700
0
4400
8900
0
24300
27400
0
11400
2200
3100
1000
1400
600
1300
2400
700
6700
1400
4600
3000
5300
4800
0
2000
2500
3000
1700
2300
500
2100
2600
3000
1300
2400
2200
1900
2600
1600
2900
1400
1800
4700
1700
3900
3100
12900
0
15900
8600
4400
900
2200
1400
1600
2200
6500
0
1300
800
700
1200
5700
1500
4500
1500
1200
900
0
1300
1800
1400
1100
1200
1700
700
1100
900
900
900
700
1400
1100
6000
8300
1000
800
800
600
900
1000
700
1600
600
100
600
800
500
600
500
1500
1600
600
800
2800
500
1500
2700
1400
700
700
1000
4300
1100
1000
0
0
4100
300
1800
2600
2200
1600
600
800
1700
1400
1600
2800
1000
800
1000
0
500
400
1400
1500
1300
800
900
1800
9500
1800
4200
3700
3200
3700
3600
2800
4100
8100
10100
6100
3100
1600
1500
2100
0
2500
4700
2300
2400
3100
1500
3600
4200
6300
14100
15900
11400
11900
3900
3100
2700
0
6300
14400
5100
2000
2800
5200
1100
1600
1200
900
900
0
100
800
500
1400
1200
300
600
1400
500
500
600
1600
2500
500
2800
400
500
700
400
500
400
400
800
1300
10800
11000
900
800
600
900
700
400
500
700
600
600
700
0
0
200
700
700
700
700
400
700
1500
1100
700
700
600
1000
700
1500
1800
4700
400
800
500
1000
1300
1600
1700
1700
500
300
600
400
700
700
1600
1800
1000
4400
0
1000
700
500
2100
700
2700
1600
11500
900
4000
3600
8700
1400
0
1300
2500
1800
4600
3500
1700
2500
4900
1300
3800
8500
4100
5400
7000
29300
3300
5600
14500
15400
5500
1400
1400
2000
1900
8000
4500
2900
2400
3400
10000
5200
19600
10200
10900
5100
1700
2800
3000
2300
2000
1700
0
3700
1900
0
2100
1900
1900
3500
1600
2900
4600
7000
2700
3900
2600
7100
3000
2400
2800
2000
2100
3600
7900
4100
10500
2500
3200
3000
10100
12600
5400
6000
2400
1500
800
2300
4600
9300
2500
4400
9100
5800
1300
0
1000
800
1400
900
0
1300
2100
3700
0
300
300
2100
400
400
900
800
800
1200
500
300
1400
1000
1300
600
0
500
400
1000
1500
2800
700
0
900
3900
2000
2300
6000
5000
2000
1100
1100
800
400
300
1400
1300
1300
1900
2000
4700
4300
2000
8200
4400
2000
1900
1200
1600
2700
700
600
700
1100
1300
1300
2000
1200
700
1500
1700
3300
4700
9000
1800
3100
5000
11300
5300
4700
2900
1300
300
100
0
400
500
700
200
100
300
300
300
900
400
400
400
0
100
100
300
2100
500
700
200
200
700
300
100
200
300
400
300
500
200
600
200
100
100
500
400
1000
100
200
100
200
200
200
600
400
400
200
700
100
1300
300
5500
400
500
1400
2800
800
1400
800
400
800
200
400
200
1600
800
800
1100
1000
0
800
300
100
400
200
900
500
0
300
600
0
400
400
700
2000
1700
1400
2600
700
800
1400
1800
1600
2000
2400
1200
600
600
600
1100
300
600
300
200
200
2600
600
1100
0
300
700
600
900
1000
900
800
1200
800
500
800
3500
3600
1800
1200
900
1200
1000
1900
2000
0
1400
1100
3800
1900
0
4200
2700
2100
1600
1600
1600
1400
1700
1800
2300
2100
1100
3200
2000
1800
2100
1100
1700
2100
2000
4200
0
2700
2900
5400
7900
6700
7400
8800
5700
4100
4900
16700
1900
1500
1000
1000
1700
900
2100
600
1100
0
2500
1900
2900
2100
1300
1600
700
1300
2600
4800
6900
16200
900
800
1600
1500
2700
1200
600
1100
600
1400
900
900
1100
800
900
2200
1200
4300
1800
6100
3300
2400
2100
3400
13200
11100
0
400
700
200
400
500
400
500
900
700
1700
1800
1300
1600
1800
1500
900
5300
14700
15100
6500
29600
30700
300
300
400
5700
200
2100
3200
700
500
600
400
0
700
1400
3200
1200
1200
2500
900
9400
5700
1400
1800
1900
4600
5800
1800
700
600
700
1000
200
400
900
2200
1600
4800
2500
1100
2000
1500
4900
5400
8200
1200
1000
600
1600
300
0
900
1600
1900
1200
900
900
600
700
600
2500
400
2500
1900
600
600
800
800
800
1200
1000
3200
1500
900
600
700
200
1000
700
1800
900
1000
1300
100
200
200
2100
6100
0
400
0
700
5100
100
100
200
1000
0
1700
3000
1800
0
1600
200
500
0
0
100
0
200
0
1000
0
400
1400
2600
200
1200
1100
100
0
600
0
0
100
300
700
300
5400
300
300
1700
600
200
0
200
600
200
100
300
100
0
100
0
10200
100
0
300
200
400
300
500
200
300
300
0
300
100
400
100
300
1400
100
0
100
0
0
300
200
300
100
200
100
100
0
200
700
300
300
500
900
800
800
700
100
200
100
200
100
100
200
400
700
100
300
400
100
600
0
200
100
100
500
200
0
0
0
100
0
300
0
100
0
600
200
0
0
200
100
0
200
100
0
0
100
200
200
0
100
100
100
300
100
100
300
200
400
400
600
800
600
500
100
100
200
300
0
100
0
200
100
0
200
100
100
0
100
300
100
400
100
0
100
400
200
100
1400
3600
700
900
2300
1600
400
3100
400
400
200
400
2800
500
1100
3100
500
100
0
0
400
100
200
100
600
800
1300
1000
700
0
0
100
1500
100
200
200
200
600
100
900
2000
2100
0
2100
100
500
400
500
400
300
200
400
100
3100
1100
2600
100
0
7500
0
100
400
0
200
0
0
100
1400
1500
1200
300
800
300
500
700
3600
500
100
800
600
500
2900
400
900
2700
1500
1400
1600
1400
2700
5900
1800
1800
4200
600
400
3000
200
600
0
100
200
500
200
600
200
600
1000
1600
6000
2400
400
700
4800
800
9200
5400
1700
0
2800
1600
200
200
1200
700
3300
300
800
1000
2300
800
2800
1500
3600
600
3300
1600
2000
1700
4200
3800
8600
32300
16200
17800
1300
800
2400
5000
6900
5200
1300
400
1400
8000
2100
4500
18600
13800
14900
433100
8300
500
100
200
200
200
600
400
300
100
400
0
400
200
300
300
100
100
200
100
100
100
0
100
100
100
400
200
500
1900
1200
400
500
300
300
200
100
400
100
200
200
300
300
100
400
0
100
300
0
300
0
300
100
200
0
0
1700
200
300
1800
500
100
0
500
0
500
200
400
100
100
0
100
700
100
0
0
200
100
300
100
100
7000
3200
300
200
1100
1300
1100
700
400
500
500
300
500
600
300
500
900
500
700
800
1900
3900
3000
2000
900
2000
2000
1100
1000
0
1400
0
0
0
200
600
0
1000
400
700
800
900
800
600
900
700
700
500
200
700
0
0
500
0
0
300
3400
600
500
0
0
2200
300
700
1200
1600
1400
1300
300
500
1100
0
600
200
500
800
1600
300
200
1000
1800
1100
400
500
0
700
1400
800
700
700
2200
1000
300
700
500
900
3500
0
700
2000
0
1200
300
400
900
500
1200
600
500
1300
0
0
2900
800
900
200
800
600
1800
700
1200
1300
700
700
2400
0
1300
400
2100
1200
500
1600
400
700
1000
1700
1500
2300
2000
1100
700
4700
600
300
800
2000
2100
1400
400
2000
1700
3200
2200
5100
0
3500
0
3800
0
3500
0
9000
2400
0
1300
0
0
1200
900
1100
1000
0
2700
800
0
3500
4900
1700
1600
2200
5400
4100
1400
1600
1100
1800
9900
2100
1800
4200
0
0
3900
4200
5100
0
5600
3200
2200
2700
6300
6000
2500
900
1400
1000
3200
1400
1600
2500
2600
2600
2600
2900
3900
2600
6300
8400
3800
2100
3300
6900
0
3000
6900
5300
6900
7200
0
3200
2800
6600
2800
11400
2500
2800
14800
3400
2600
19800
3800
22100
23000
10500
11000
12700
