-1887.39
803.439
-7015.22
-4473.84
-2184
-5117.26
5909.34
1777.2
10821.6
-1323.07
-14316.9
16973.7
1892.18
1092.07
-2942.66
1889.37
-8287.58
-2791.9
7669.48
-5921.43
1435.23
-2418.2
6578.08
1330.94
463.597
3576.15
-3507.27
9036.68
-15319
16960.1
22970.4
-29516.4
-1658.98
-1567.75
5141.29
861.16
-5380.52
-1490.71
2392.39
5858.34
-649.819
-1038.98
4508.86
5332.48
388.666
-563.218
-2407.62
-5527.04
13674.6
5756.81
2999.83
-3102.36
-420.84
752.638
-470.43
2844.86
-554.046
-4782.66
7743.64
-13181.8
-6418.8
10856.6
-8088.13
-4012.4
-1857.24
6769.7
604.263
-8978.01
-2865.5
-4775.41
7819.26
-4097.98
4220.06
2712.17
-4909.54
5649.94
6097.55
-14486.3
-2704.21
-12168.2
2441.26
3783.83
-8107.62
-5548.96
3021.25
4660.3
1882.91
-5958.18
-2881.04
-1951.6
2731.25
-5449.82
-219.189
4113.9
378.273
1788.51
-343.547
-1111.59
-10173.3
-9747.38
4816.59
-536.538
-2872.65
-5986.37
-4613.69
7067.71
1555.69
-5651.74
1799.56
2349.47
3419.13
-4331.13
1589.12
4507.55
7395.09
-964.649
-863.804
461.449
830.123
-2229.78
-1551.94
-3042.01
-3489.4
715.346
-2736.33
1889.95
6172.44
7425.17
-3466.96
-4318.7
-4599.13
5457.86
-1090.81
2417.81
-10734.6
-2706.44
6047.83
201.561
2069.97
1770.7
3569.59
42.7763
168.334
-1829.85
-2503.26
-1493.49
-1035.75
1373.44
2890.43
-976.662
2.83008
-11954.3
3552.3
1700.2
-2856.32
-3386.88
1279.71
-1432.74
2816.78
1732.08
-616.889
4170.36
-9306.43
-3747.92
1752.77
-3318.3
-1952.79
-1040.24
4879.55
-5860.07
4118.52
4027.81
217.325
3032.45
2068.15
-2174.97
-513.836
1222.28
2317.67
-4176.47
1225.04
1120.58
-2813.16
3041.24
-645.849
288.47
1108.33
1333.61
-693.474
-1114.19
1467.72
934.227
95.8704
66.4449
788.302
-1342.69
165.049
25.4617
-1735.79
-2851.94
291.408
4099.11
2433.44
-3797.37
-888.981
2405.24
-2534.51
-1817.81
-528.558
-3481.14
146.161
988.244
1206.07
1151.2
-1415.14
-146.453
397.968
-1327.29
1164.62
310.07
-1411.16
1210.69
-184.451
-2538.45
692.544
210.447
-1503.31
-2575.78
-917.527
79.2479
1806.87
-1308.77
919.704
-948.284
8750.09
-1503.65
261.976
71.7217
1959.29
1016.24
-1878.35
-51.7605
-260.703
736.174
-1.81959
27.8339
-1123.52
431.402
243.521
630.175
-905.563
-1582.86
559.305
-1571.21
499.156
-745.866
137.033
414.357
-1723.75
-2257.51
-768.855
358.485
326.325
-44.0363
547.177
-1818.99
-947.463
229.798
1507.66
74.5479
-1744.24
1885.98
-1630.5
1254.49
530.809
2183.85
-958.816
-1347.22
-41.5303
358.347
752.194
-2169.41
-2201.66
-1203.19
618.059
-846.588
409.321
1307.24
-1294.85
1197.11
144.245
-2709.58
-903.829
804.054
-1114.58
-1303.36
313.441
-1099.83
650.341
645.02
-1730.5
-531.744
1118.66
483.965
114.811
-1038.41
-972.605
774.637
-4119.33
-539.829
209.118
301.338
-447.489
-1224.64
1125.2
-1370.09
1625.28
-381.385
647.449
861.626
-856.047
667.168
3247.63
-414.424
1095.37
561.25
-2354.71
-1621.03
110.184
587.993
362.212
-461.94
1211.76
-3374.47
-257.134
1611.41
1712.11
-199.993
3140.26
2227.4
-772.228
459.045
1491.13
2099.28
632.562
-5079.9
2909.98
-2152.31
-1775.38
1813.48
-301.504
4296.57
-995.762
-233.033
727.372
1044.23
2725.22
899.652
-2083.02
2267.16
4568.84
471.994
-1448.71
343.666
-1754.79
379.197
-4696
-1675.72
3195.43
-2291.06
-2163.43
1536.41
-681.852
2276.93
2551.26
-531.618
-1137.97
773.311
-1630.04
2726.9
-2184.34
3033.27
7047.96
-1047.64
-34.5518
-2490.08
282.671
786.96
649.06
4473.27
3579.49
2914.74
2713.87
-1293.28
4112.55
188.265
-751.599
-4098.18
-2837.54
528.76
1202.86
622.783
161.665
-3316.53
1159.73
-145.834
-2079.74
2849.14
-3291.25
379.488
5441.48
2188.28
-3191.12
-2783.65
-5878.82
1150.8
4085.21
1538.25
2110.06
-2854.29
-1526.36
-1962.59
2818.25
-3134.91
694.829
-4539.52
-3052.57
3186.48
-2724.96
-766.332
632.241
-1398.07
2146.16
-1894.68
3445
452.212
-4082.94
1242.64
-4631.27
-362.148
-3872.76
-946.748
522.609
2919.48
-2760.24
-2044.82
5212.73
3721.5
-2490.15
-4705.29
477.173
-1312.23
27.6783
-169.27
1213.21
-3530.82
-1181.77
2008.38
-691.713
731.489
3053.26
-803.667
-1522.84
1226.48
2162.24
799.057
1563.78
-1888.7
-571.991
181.239
706.409
2495.05
1383.23
1754.59
5706.46
4000.04
-186.974
2075.77
-794.752
-5789.3
3042.31
-6598.39
334.622
1451.39
1397.47
-3980.18
1148.82
272.829
-1874.12
-1969.28
1942.58
-3602.18
1230.95
1983.25
1906.01
285.4
6399.23
-450.857
52.5562
1202.25
-2123.91
-3357.6
1126.92
-139.829
1198.22
-7336.5
1107.68
4283.54
4279.44
-2276.41
-2424.91
5402.31
-1328.67
-1581.18
-2720.78
-1835.48
-1327.06
259.653
4516.46
-5168.98
1453.71
635.167
3973.26
1570.02
1963.85
-3158.13
-6576.75
-2107.32
1617.22
-1969.08
1939.12
695.193
2382.41
7616.23
2640.73
-1781.91
1319.95
-4096.77
6030.23
-2842.09
-2487.82
4697.56
-4136.79
5918.5
2201.79
2153.24
10926
4284.55
5288.04
7213.5
-8481.52
1176.92
5666.9
430.075
-4682.12
-4708.29
11678.8
-1128.18
4181.2
-3218.46
-10382.3
-1712.92
6580.58
-7235.18
3225.07
-1514.26
-6097.06
-10972.3
11005.1
1465.56
9661.09
-12105.9
-4440.22
-5078.47
5496.31
-1894.01
908.884
-11834.8
-924.454
-3769.97
-15934.4
1324.29
245.98
-6544.92
-6906.16
15565.5
15073.2
-10459.2
5587.21
-12902
1949.75
2805.73
6921.52
-4419.25
-1884.26
-391.138
4515.55
-1471.73
-431.342
2919.31
1079.5
-17786.8
4254.37
358.775
-239.8
886.992
4052.74
-3160.09
-573.166
-679.025
7063.19
-1075.83
3217.71
-668.078
-1890.35
-2835.32
3184.12
-3397.26
1165.63
1999.81
3073.62
460.25
-3010.42
-1875.45
3177.14
-1394.44
599.387
1029.87
-3557.35
-2573.25
-899.964
1144.88
-1312.28
-982.055
-3218.79
-1638.26
2189.15
1388.23
-1362.45
4404.27
2893.84
2871.47
-2388.33
-1289.88
-1677.26
-701.808
927.492
3271.85
2460.12
-4804.41
2325.7
1053
-19.0913
-312.454
705.8
-978.324
345.497
-2153.57
1897.21
-1704.57
4925.07
-1562.98
-2924.43
-2083.62
-2007.18
-4269.88
3493.58
-3439.52
1120.21
216.48
3658.35
-42.3395
-3158.51
3690.93
-2832.55
3431.49
651.721
-3554.78
1300.78
1704.31
-451.947
4779.04
-2765.87
-3877.52
-687.127
-921.799
1722.47
3838.46
-2173.22
2447.97
-4972.52
2828.78
-4460.73
6272.32
162.974
-818.196
12369.1
410.779
2284.93
-2500.72
440.132
1407.04
-2494.26
5149.8
734.494
1083.91
1536.28
-389.392
1917.45
-16.5364
-4157.43
2325.1
-1576.92
3902.12
-4676.87
-1953.56
2924.62
-2552.38
-1093.32
2772.95
3459.94
3888.33
683.553
-657.452
422.592
-3622.45
2100.44
114.499
524.906
2345.38
943.319
-757.727
1575.15
-697.741
391.723
2238.57
2003.52
1961.59
229.126
2808.74
-1861.66
18.1963
-1391.54
-3762.55
996.599
-2598.82
-3418.12
-8907.84
1466.39
-329.392
-11.6019
-2296.9
4207.48
-1275.06
-581.593
-196.164
794.197
1363.89
-2056.79
3505.06
582.238
231.482
-1081.9
145.148
-1694.89
876.257
-2569.18
-2150.09
100.977
1929.87
-356.511
1627.96
5048.06
-4887.69
922.734
-184.246
-1381.52
2474.09
697.851
-2704.33
-1237.27
-2713.98
4381.97
1422.68
4993.68
593.04
3232.62
958.098
-183.182
-646.028
6260.07
7275.71
406.743
1918.45
1478.11
648.799
-1184.32
-2572.78
1061.17
-1271.66
973.799
6647.44
5810.17
665.571
-2144.08
-7442.24
3183.93
-3107.11
-2828.68
4100.29
1815.18
1791.37
9071.66
-3139.72
-3784.41
1983.3
-519.1
-3055.95
24.9704
162.172
-3786.08
3066.09
-1257.36
-218.168
-2178.96
5262.87
2916.59
5627.13
-317.835
-3106.03
444.78
2388.16
-5788.37
-2790.19
-1044.8
439.397
1900.16
368.249
-4858.84
3576.22
2183.88
1677.91
-1043.84
190.231
-2309.68
1862.57
3525.15
-2397.96
-7543.61
2418.14
-2368.22
2457.18
1232.38
3190.72
-3861.45
-1542.41
-2483.43
-2101.83
1734.33
-2185.81
1969.21
2529.13
2093.38
-236.521
5224.78
-10762.7
1528.33
-597.369
1461.15
55.7537
-1796.62
-703.896
1504.91
1119.01
-1910.46
-392.179
785.028
-1803.38
839.491
112.772
-3367.8
-3618.33
1496.59
-4818.05
314.812
1850.66
2574.45
-1608.83
999.747
-5575.31
-1572.71
-2495.1
1532.41
4033.42
-3053.91
-565.806
-260.997
1206.25
2086.25
-2671.27
777.153
947.92
1617.12
1561.12
333.643
2623.2
5287.66
-1863.56
117.16
-199.35
-296.844
-6580.78
609.196
-1924.12
979.403
6.10314
1157.63
3266.85
730.91
994.316
6621.44
-595.503
1195.94
-2709.18
-1597.86
-815.759
-3067.74
-1670.09
1681.06
-238.894
-620.837
-16.4455
-553.541
-356.83
853.048
-995.867
-502.091
-423.141
-3547.66
-43.9746
-2316.52
2471.66
675.607
1363.46
-2663.46
-801.36
3528.41
893.372
90.6848
-528.133
-1126.55
-1516.07
543.37
1691.24
-608.772
-1691.34
558.991
390.652
403.955
-770.26
-1737.08
470.64
3622.91
87.3926
-401.036
2118.85
3583
468.224
-723.476
-2549.12
-180.19
2556.15
-1272.33
1228.84
1921.53
199.944
-2300.85
2.54511
-4852.28
598.732
62.9811
-1286.59
2941.15
5926.66
2150.01
-356.901
-3739.89
1369.87
-870.304
-3199.67
2221.82
3488.19
-756.315
12021.3
-9404.83
-3843.45
-6220.61
194.878
877.805
907.01
1494.88
-1984.76
1694.98
-924.716
113.693
1484.64
2126.11
1635.29
2215.91
-2734.55
770.176
1824.29
-2925.12
1140.37
-1628.27
-138.84
-488.166
769.533
-1519.81
-1965.91
3588.58
2478.06
937.709
915.061
-906.619
1610.75
-1499.61
1306.63
-1759.31
2987.29
-760.714
-438.037
1123.24
-3115.18
-2298.35
899.681
6533.1
1959.25
4393.85
1762.22
-953.981
1190.08
263.045
568.175
3244.27
-3483.3
-2906.9
808.088
639.471
3323.97
1458.37
-1037.39
1428.23
-4786.01
2359.96
2465.72
864.343
2216.35
-239.404
-726.51
-90.854
1157.93
1018.1
690.99
996.434
2827.89
3705.84
-3934.92
-3497.98
-1639.12
-516.365
-1431.67
-5394.93
1175.77
-518.574
1482.12
-619.159
2389.38
4258.8
526.329
-875.014
-1084.9
-1195.93
-3640.19
-2022.21
-2161.01
1747.35
-1377.03
-3211.45
2277.27
2201.35
408.841
-3511.55
413.849
1033.09
-2543.78
3083.96
-590.029
-3270.32
665.948
2680.15
-836.566
2303.35
-1336.77
565.547
-1398.78
845.48
-428.699
-1511.53
-2063.42
-239.366
-48.0717
1456.39
2361.26
2006.89
1178.07
1947.93
-927.981
-2847.12
2285
-614.21
-4019.1
-2902.78
2133.81
2048.6
2958.61
-471.58
1389.02
3785.21
1732.74
-455.65
1041.58
2961.49
-309.764
-2651.43
-319.067
577.198
-2511.23
2558.49
730.975
704.404
-4099.56
1534.52
4663.51
-526.465
-591.395
-1619.25
-1183.39
422.429
1407.57
453.946
-637.564
-421.209
-2568.72
1449.34
-6792.08
7862.78
3483.1
-9434.68
679.768
1765.46
2779.24
-3576.46
1294
-621.338
-1823.81
-801.251
1186.56
-2524.93
1617.72
1716.22
-52.9308
572.069
5.35636
-1374.05
-611.647
-1071.56
1712.7
-1047.76
-951.162
518.256
-339.825
-1106.5
218.313
245.833
-3212.2
315.727
-673.5
-180.194
1506.71
1619.22
-762
-991.826
-1643.67
2089.21
-452.334
1771
2972.63
1137.21
2009.94
1929.3
1552.38
-312.098
7.32624
-2038.67
-471.38
1416.36
-1976.35
-884.447
-973.913
1022.7
-2528.11
127.98
2101.8
-1738.67
2468.8
-4021.64
-229.236
697.797
-75.9202
-207.22
-2287.87
859.899
2025.93
458.367
-1364.67
2485.41
1314.17
-919.818
3220.05
1585.69
-745.685
975.641
-1027.05
1539.37
1649.85
395.647
548.461
1517.53
2990.39
-62.3602
815.71
-33.2417
-2805.29
-49.4582
-1013.63
1332.09
-1443.24
766.57
4502.13
310.333
524.786
2053.52
646.431
336.229
-5269.32
1756.41
1693.35
-1310.83
5174.25
-2531.75
4446.68
-2415.14
450.556
-1590.23
1242.92
-3790.06
418.017
2464.11
383.969
-866.466
-3174.25
940.755
1686.68
1709.93
-1894.74
-2219.02
2731.59
-7780.13
1108.94
4916.92
-3272.59
-900.576
767.911
902.509
8.13176
-175.3
2161.25
3896.51
-797.396
-2102.41
753.621
-1996.87
-2332.89
-1657.13
7747.03
-1502.3
6838.4
-1515.62
-40.6125
1357.66
829.895
-961.413
1767.72
-628.396
-1641.13
-350.908
-1312.7
393.36
79.8261
-319.938
-517.469
2106.92
1566.15
2448.45
1442.45
2203.08
-533.42
1381.57
-198.306
-16.0149
-2076.09
-2302
3201.53
3505.53
-1074.09
-2510.25
-1456.86
1256
5074.24
-628.686
-2455.77
-1497.53
-2924.71
-4217.44
-1315.85
3136.34
892.879
-1580.07
-7.505
360.97
3175.59
-3504.37
-3431.05
-1198.01
-1599.25
748.677
1535.57
637.902
-1499.11
-717.968
270.151
-72.2144
-1757.6
-2380.09
744.768
2749.62
-482.94
-195.272
1514.62
-404.064
-1643.05
-1572.29
232.847
-1982.36
265.378
1743.63
295.268
1403.13
-724.022
1315.41
636.327
-2231.57
-537.262
-784.595
220.174
941.773
-773.392
128.37
250.213
-647.726
-1329.19
-1941.72
1906.94
1117.22
-1313.76
2448.35
2838.47
-704.15
2528.63
-543.903
-1039.38
1150.9
-1236.81
2577.41
-1611.96
186.303
-687.508
-1067.32
1701.72
2974.44
-1207.87
667.415
-547.733
514.48
-1801.34
1003.39
842.7
-2158.08
378.259
-493.083
-419.757
245.273
2238.32
1177.96
-1594.28
464.751
927.768
-2257.07
94.995
-1490.34
-4556.45
-769.66
-312.076
-751.56
-5192.63
-779.516
-190.495
912.974
-467.798
-533.804
168.832
-452.015
896.651
658.15
458.728
-202.357
-746.03
1341.03
467.207
-38.3222
-69.8511
-502.675
-247.673
-637.093
-345.47
-1100.3
724.143
1464.06
-2503.64
201.163
585.114
1407.09
1308.06
1275.72
522.03
283.582
-840.879
-1205.65
-100.272
-621.076
-994.105
-1033.69
-434.983
-1082.35
437.691
-2366.13
-82.5602
290.425
-2158.76
232.231
-775.07
212.54
-12.7115
992.806
-318.152
846.078
928.549
1546.13
898.552
52.6389
415.122
-351.619
1897.55
-2242.35
1969.02
-1845.35
-1051.06
415.881
605.425
164.297
-355.634
-193.069
-1359.38
-1759.37
-2382.03
258.094
1214.86
787.482
529.584
-1992.7
1803.91
286.921
1028.3
123.625
1076.87
-698.35
-490.235
-84.749
33.1229
-793.35
-566.79
1392.38
-436.566
1320.09
1009.49
-705.803
-1500.57
-339.488
-1218.59
1368.06
-66.3497
2113.61
1351.95
-618.978
-148.892
-1410.32
357.842
-413.286
1951.12
-248.164
-1799.07
115.158
1127.18
-1010.31
1637.55
-943.346
-511.765
556.235
1631.8
982.895
-1701.06
-282.741
1633.33
-1271.8
967.624
1406.66
82.5998
1132.01
-271.09
-60.4341
-1771.02
-3048.83
1408.75
-690.654
1855.73
1077.89
1686.64
-1160.89
3519.65
2269.1
-872.03
2440.92
530.829
-253.459
-1182.13
-229.087
2330.27
-2148.46
-1026.34
2502.82
294.711
-46.8185
1052.53
578.872
-503.865
248.087
-1001.32
-205.259
1512.62
1508.6
640.802
-1545.26
-1982.89
2654.66
2506.03
-305.976
-355.128
-2947.1
636.497
-334.359
-454.165
-1091.67
2150.97
1815.15
-847.99
-2802.39
3120.13
1061.68
1777.1
1973.71
399.591
-3090.12
-990.945
512.805
774.631
-1390.44
-2171.43
-12.4893
713.515
-1491.44
49.2159
777.966
-1169.69
-921.357
89.7196
2440.46
1511.38
935.004
-920.781
-2462.67
4528.17
7911.99
1179.15
-400.55
1383.6
331.696
-432.861
-855.557
785.366
1813.31
423.725
-1525.74
-588.568
2163.85
268.375
-1506.02
962.592
-982.435
-1219.89
3064.47
-580.874
-1181.77
263.966
-160.79
949.683
-17.9691
1151.15
-5233.89
835.293
-1081.63
271.281
-578.468
-427.541
1423.3
1669.64
796.413
-378.152
486.886
239.129
-1614.77
-1124.38
-1045.8
-2644.19
-968.275
-799.858
1248.18
1134.56
1419.71
-3517.02
-8805.46
9392.69
-173.56
-999.062
2380.33
-591.415
-707.661
1683.53
956.206
329.076
1446.84
-376.701
-398.124
-237.418
-1104.9
317.792
-70.7596
-1382.19
-630.752
-185.371
993.7
3107.95
-819.779
-920.082
-191.991
599.178
-1044.87
-308.553
553.68
864.156
-901.691
-454.253
149.428
-979.979
-391.149
-791.114
-1043.61
-27.9298
1542.22
-271.017
-1014.44
-476.427
241.942
111.108
500.98
2480.6
-187.944
-462.03
-733.753
1049.85
1216.76
-247.386
-639.195
-518.306
1089.15
-1058.14
-302.419
-393.301
-396.33
-403.019
591.328
-825.161
-50.3818
-875.826
-1617.51
-1243.19
-170.67
-673.035
792.582
858.938
2064.43
-146.63
1157.98
472.276
-285.581
232.354
490.519
-741.525
2015.54
-66.5874
889.627
-1568.42
426.081
-433.55
272.072
-419.563
481.899
-213.153
703.879
-1328.17
-646.639
1561.5
-604.313
1027.65
-580.879
1417.08
68.8735
1114.77
197.275
-28.7175
494.428
129.481
-791.401
-261.681
313.416
42.0144
-71.525
-606.209
-475.963
-41.5686
-207.894
767.137
-277.431
45.8237
-554.896
358.118
-435.07
299.68
-2.6999
1144.88
-375.317
-222.184
-689.997
-121.006
684.979
-5.60788
-50.4307
-427.923
-247.23
837.399
-352.166
104.601
-934.326
135.561
372.207
141.462
-266.35
320.924
863.884
968.328
-1241.33
-505.583
-100.801
-362.24
-959.934
1486.73
-340.716
512.674
-540.645
-600.637
542.072
381.309
-542.062
420.497
394.611
98.7744
-183.568
-641.136
-920.275
-876.245
532.25
323.341
227.936
679.99
363.944
-498.443
-361.03
-902.906
-120.906
-550.54
-241.723
-730.606
-261.046
432.828
357.342
-643.837
-200.607
307.098
-380.115
-474.773
-1050.41
416.887
1466.01
524.545
-145.747
19.0567
-323.17
632.989
198.828
-294.906
-65.4324
-898.261
142.81
-451.232
-190.847
1350.37
-439.854
-75.1681
407.713
137.562
148.846
-445.926
101.949
721.283
231.266
-509.074
172.377
839.646
1238.59
501.477
-338.648
558.183
-638.632
-349.924
67.5533
109.107
-461.476
175.227
-98.5786
-426.939
-581.951
-477.248
1013.09
224.366
-391.932
604.94
146.329
42.1657
-352.493
-488.287
-69.537
-379.577
-432.705
-918.549
-160.875
510.65
203.778
66.4873
-303.701
147.961
1096.07
-897.931
-832.239
722.248
-116.551
71.4461
-687.903
-127.73
454.83
1016.95
-1178.34
992.808
768.271
508.379
215.49
-1321.78
298.831
-210.372
452.162
-95.3583
602.773
-183.446
95.7827
-483.804
577.363
218.244
537.486
1262.43
685.431
-838.294
192.686
-1099.93
-732.787
469.371
-2458.39
622.398
-356.525
-229.127
355.323
-672.899
137.433
917.27
-421.394
-9.86953
-729.823
514.177
329.399
-51.6089
-538.126
777.108
854.627
268.807
-635.185
520.498
-1.71818
-972.574
417.577
-556.936
-322.267
362.029
-406.067
357.41
128.635
-12.7841
-24.4299
-203.418
-169.465
-848.613
-422.111
-295.305
1628.32
-519.848
-78.5312
-323.341
424.553
-765.589
578.382
-235.7
-551.265
483.531
1724.67
-397.652
783.608
251.395
22.1718
3377.4
310.706
390.932
158.062
-288.059
198.913
476.82
216.599
-450.424
-67.1826
1.61657
-344.557
-684.714
903.237
-57.5189
477.025
828.63
-698.819
-242.185
45.0569
502.238
637.409
-227.512
-221.33
-604.15
597.457
590.516
-1182.25
-1514.49
595.581
-253
-1058.23
-27.6606
-761.858
18.331
239.86
-106.793
28.5335
-471.541
1050.03
91.7863
1455.6
-17.1358
885.632
-140.288
-629.111
-127.862
364.388
606.742
-197.627
-345.847
-645.711
-771.621
13.6327
67.8847
-659.889
362.878
-1503.25
-417.858
961.562
1215.8
-1454.22
-1108.68
-217.121
-973.037
104.43
-414.849
690.718
117.136
-17.1195
259.808
-686.526
-992.818
116.423
574.472
1708.02
282.103
-258.194
-473.466
-466.702
-539.71
-800.802
1507.41
-1732.81
-3941.16
3018.83
5780.75
771.344
57.5517
265.967
-2043.51
3105.35
-2303.51
-489.069
-606.52
836.1
-3040.28
-106.335
-1507.4
136.181
-3280.11
6198.85
-117949
1567.28
-498.19
-345.491
-137.673
142.037
529.365
-529.823
57.702
-31.1813
-259.421
-216.564
-122.662
-356.479
-194.979
405.324
-628.866
-80.5582
70.3861
-411.798
-47.651
-300.01
348.328
-365.275
275.19
202.457
452.831
-53.5056
-143.165
810.997
520.682
-276.782
-408.599
503.158
558.491
-789.252
-40.3236
330.218
-174.817
-178.152
332.248
119.444
-144.763
222.768
188.343
354.15
-2.1414
213.273
-103.009
-217.564
456.333
-557.258
-304.818
66.8316
-396.754
184.11
-156.536
-585.655
226.46
-275.889
1043.4
121.955
469.689
295.259
158.954
347.882
251.052
-115.596
-171.897
-744.295
123.994
-308.459
-108.646
-396.056
702.832
-138.926
234.109
13.3955
321.836
-465.207
-73.2075
-59.7672
-2243.73
893.243
-1156.58
218.113
-296.334
247.548
-150.388
354.861
-538.695
496.588
-437.543
-1143.31
1403.93
-280.89
75.2626
307.194
811.566
924.295
222.068
387.295
-1344.12
1081
-418.297
69.9949
960.737
-364.393
-1.30696
721.781
-586.261
-421.247
1263.28
-91.6789
219.065
-50.4811
-192.463
928.039
526.267
-997.613
33.4111
-548.672
-97.0174
-82.7285
194.086
44.1407
-919.901
-129.256
-64.9603
1063.77
-38.8513
65.7243
383.843
-27.0374
210.208
-143.271
-1022.95
-142.663
1529.75
-820.08
858.644
-1666.28
-273.675
137.726
-52.1089
503.637
-7.89894
691.91
999.279
-1564.29
-114.022
-415.673
-852.626
709.698
147.253
778.106
-262.333
48.6959
-239.367
58.5787
96.6491
-112.28
2034.41
779.956
-1746.27
750.582
496.932
355.963
730.454
1020.11
195.099
-1286.78
-446.545
54.9807
24.5374
1331.28
1550.42
932.964
62.6019
-605.799
224.743
628.162
-1870.01
638.888
776.999
569.691
-1149.86
1052.57
798.637
207.657
795.696
341.895
659.763
3.02015
265.765
-1141.09
-1510.69
-232.383
-348.668
485.466
795.081
632.263
-837.322
292.878
178.353
-719.119
-774.735
-466.195
1874.26
636.709
-1459.19
37.8579
1413.25
-7.761
-327.176
145.628
-1526.57
902.246
646.509
-200.014
-1213.26
-1241.57
250.423
1176.92
602.331
856.031
1353.5
490.052
-584.357
1080.03
-1932.46
258.071
932.011
-562.867
-1446.32
80.0235
-420.109
-2399.97
137.391
-1620.93
-636.115
763.917
-728.189
-783.894
-117.105
411.524
-425.948
-313.361
-32.4165
-954.564
95.8296
-274.519
-187.958
1934.27
-1550.81
-1075.01
-151.59
1495.19
899.79
938.979
-307.268
-363.561
-1404.15
776.609
497.07
63.0577
1314.32
-2054.98
-1013.97
1239.53
1047.16
-1403.34
1740.86
-1153.82
1835.08
-2104.11
-72.5459
797.875
-1852.02
-1478.25
1407.54
877.007
-611.206
143.14
-207.094
-1135.32
-2818.79
326.73
-1943.95
-600.165
-1435.66
952.675
578.932
1664.75
2175.75
-601.911
-485.729
-349.009
-6165.74
4417.02
1390.22
469.776
601.326
2160.58
-225.288
-161.573
-13.5208
554.848
2237.23
-3504.47
1152.05
1088.55
2052.29
-5793.08
-288.45
-715.094
1408.69
-780.677
6186.34
884.1
4598.47
8701
932.723
3290.9
694.318
-72.6285
1721.49
-3251.14
4.7849e+061
