5848
5909
6104.9
6043.25
6124
6150
6240
6347.85
6451
6490
6595
6480
6135
6194.4
6256
6288.9
6362.2
6194
6250
6210.05
6034
6137
6164
6200
6180.9
6180.9
6299
6299
6299
6899
6720
6440
5910
5942.9
6020
5974
6200
6049
5964.95
6115
6085
6099
6175
6138
6010
5935
6146.95
6290
6329.85
6325
5980
6080
6099
6144.4
6200
6218
6125
6147.7
6200
6173.7
6100
5670
5799
5715
5280.2
5512
5499
5565
5799
5924
6049
6155
6325
6375
6023.4
6149
6170
6260
5942.15
6038
5620
5640
5720
5625
5660
5625.05
5749
5825
5925
5519.85
5825
5794
5285
5325
5188.75
5300
5379
5420
5470
5529
5350
5405
5198.6
4490
4485
4485
4288.9
4289
4328.5
4410
4355
4352
4374
4370
4495
4387
4424.95
4265
4270
4338
4360
4385
4320
4370
4573.95
4634
4847.7
4722.95
4890
4700
4850
4923
4687
4947.7
4585.55
3865
3571
3485
3445
3445
3500
3371
3319.95
3232.75
3255
3450
3350
3325
3439.7
3669.9
3675
3980.4
3750
3400
3395
3410
3439.95
3439
3310
3468
3551
3550
3825
3455.55
3450
3548.5
3550
3650
3599.9
3650
3485
3500
3475
3439.7
3400
3239.9
3220.05
3260
3490
3318
2850
2788
2559
2600
2350.9
2425
2474.8
2337.8
2299
2370
2384.45
2384
2385
2330
2350
2233.6
2233.6
2325
2295
2320
2300
2270
2359
2335
2245
2187
2280
2289
2250.6
2344
2047.55
2107.9
2078
1991.6
2050
1921.8
1970
1860
1841
1700
1710
1690
1677.9
1735
1729.95
1632.7
1700
1644
1617.95
1564.75
1550
1549.95
1537.75
1537.75
1550
1550
1630.5
1650
1630
1652
1650
1650
1650
1630
1632.5
1657.9
1689.9
1682.8
1682.9
1730
1743.8
1730
1669
1692
1700
1690
1640
1679
1669.75
1672.7
1697.9
1685
1665
1639.5
1647.8
1793
1808.8
1809
1809.7
1825
1836.5
1860
1865
1856.9
1876.5
1915
1900
2083
2082.7
2077.5
2094.9
2020
2089.9
2101
1882.8
1936
1910.4
1944.95
1997.65
2040
2039
2049
2125
2100
2149
2038
1830
1794
1755.9
1794.45
1794
1759
1743
1725
1769
1710.85
1703.5
1711
1735
1710
1731
1777
1797
1794
1900
2001
1970
2000
2065
2080
2080
2064
2240
2320
2159
2100.05
2036.7
2100
2088
2050
2263
2312
2387.75
2439
2431.95
2503.8
2427.8
2570
2667
2509
2448
2550.35
2625
2809.1
2802
2975
2931.7
3188
3189.9
3095
3130
3220.95
3236
3279.95
3350
3250
3160
3350
3320
3445
3500
3511
3550
3572.7
3625
3570
3590
3593
3614
3595
3575
3520
3525
3525
3627.9
3579.95
3715
3730
3582.85
3650
3586.65
3640
3669
3483
3559.8
3421
3439
3450
3395.95
3450
3385
3465
3467
3459.95
3499
3465
3751
3660
3434
3260
3250
3232
3229.8
3260
3286
3360
3395
3398
3298.95
3300
3248
3218.65
3300
3469
3469.9
3500
3594
3530.3
3669.95
3701.25
3900
3974
4060
4025
4120
3973.95
3890
3954
3930
3920
4100
4000
4050
4035
4148
4200
4180
4090
4150
4198
4300
4347.95
4420
4250
4216.85
4243
4245
4219
4300
4311
4499.95
4580
4669.95
4770
4740
4850
4542.95
4699.95
4800
4678.4
4700
4449
4390
4399
4335
4242.5
4300
4350
4049
4018.5
4084
4150
4100
3997
3970
3945
3973.95
4169
4060
4148.45
4220
3835
3900
3800
3750
3733.15
3733.15
3950
3950
3997.9
4133
4220
4589.9
4443
4254
4349
4349
4410
4470
4559.9
4643.9
4717
4749
4749.95
4594
4603
4725
4670
4825
4824.45
4623.95
4525
4400
4580
4786
4860
5063.95
4999
5080
5160
4990
5100
5058
5199
5050
5094
5300
5160
5399
6099.7
6403
6489
6331
6549
6525
6678.9
6900
6985
7125
7150
7270
7145
7250
7300
7400
7210
7400
7140
7011.6
7200
6946.9
7199.7
7339
7305
7595
8299.5
8220.3
7650
7700
7470
7590
7650
7600
7500
7500
7188
7471
7739.4
7446.2
6945
6850
6919
7440
7750
7500
7529
7700
7950
7949
7697.7
7859.3
7144.85
7149
7900
8198
8580
8955.55
8165.85
7423.5
6748.65
5700
5590
5440.9
5335
4899.95
4980
5190
4500
4600
4244.4
4294.7
4426.65
3750
3750
3775
3760
3786.9
3800
3756.6
3850
3784.95
3800
3775
3800
3800
3805
3830
3859
3999.85
3830
3840
3865.8
3849
3840
3864
3845
3875
3950
3934.9
4200.1
3887.4
3880
3829
3850
3835
3830
3875
3881.45
3925
3929
3930
3975
3950
4010
3999
3835
3945
3909
3920
3938
4048
4015
4119.95
4165
4138
4200
4374.45
4199
4249
4160
4237.9
4225
4239
4349.95
4290
4300
4089.65
4012.8
4080
4100
4125
4135
4010
4055
4097.9
4130
4120
4040
3846.5
3849
3882
3882
3888
3890
3980
3960
3919
3941
3910
4045
3945
3970
4199
4180
4263
4176.85
4230
4150
4141
4030
3825
3890
3930
3924
3870
3923
3923
3920
3914
3860
3819
3800
3801
3836
3820
3797.5
3835
3678.45
3678.45
3689.95
3700
3800
3700
3672.95
3718.8
3865
3649
3475
3449
3300
3267.95
3259
3284.95
3300
3300
3247
3300
3297.95
3299
3350
3388
3389.95
3370
3384.85
3549.95
3515
3575
3600
3600
3450
3385
3384.5
3374
3392.5
3360
3377
3380
3450
3577
3644
3724.8
3740
3765
3799.85
3821
3850
3899
3899.85
3900
3998
3926
3990
3920
3980
4007
4110
4115
4149
4125
4133
4120
4150
4209.5
4142
4275
4176.4
4425
4290
4340
4300
4279
4325
4320
4300
4350
4300
4280
4329
4300
4335
4353.9
4360
4350
4350
4303.5
4334
4340
4355
4349
4298.35
4350
4383
4495
4370
4373.95
4383
4415
4169
4320
4400
4407
4468
4520
4599
4610
4645
4670
4720
4549
4620
4349.95
4398
4440
4560
4520
4459
4530
4565
4785
4497.7
4208
4214.8
4245
4299
4270
4284.95
4299.8
4335
4274.9
4310
4409
4550
4448.45
4448.45
4469
4548
4518
4542
4670
4675
4725
4685
4688.7
4770
4482.8
4269.35
4066.05
3949
3960
3836.75
3898
3887
3899.9
3874.8
3838
3895
3895
3910
3940
3945
3900
3970
3938
3874.7
4029
4044
3869
3925
3869
3913
3820.4
3835
3699
3695
3685
3699
3599
3699
3670
3589
3592.95
3745
3786.3
3606
3606
3525
3749
3599.3
3329
3330
3290
3242
2958
2950
2970
2910
2890
2648
2637
2668
2630
2625
2580
2538
2540
2529
2509
2514.95
2551
2511
2515
2448
2464.95
2460
2469
2458
2445
2388.8
2458
2580
2515
2535
2473
2364
2410
2129.9
2129.9
2300
2300
2400
2450
2448
2637.95
2690
2775
2785
2860
2838.95
2985
3039
2966.45
2900
3100
3099.2
3060
3324
3395
3385.75
3395
3450
3477.9
3520.2
3564.95
3560
3623
3601
3649
3650
3628.95
3479
3644
3674
3789
4018.4
3889
3877
3919
3965
3899.6
3713.95
3860
3969.95
3839.55
4051
3875.1
3522.85
3522.85
3245
3235
3119
3181
3159.8
3180
3261
3245
3287.5
3235
3275
3249
3220
3224.95
3140
3215
3220
3155
3160
3210
3165
3200
3230
3238.95
3200
3095
3090
3097
3120
3220
3279
3200
3190
3240
3188
3259.7
3314.7
3399
3246.05
3295
3150
2950
2818.95
2820
2835
2830
2895.5
2890
2740.45
2750
2750
2769
2790
2779
2730
2739.95
2710
2720
2719
2694.05
2744.5
2776.95
2788
2772
2825
2751
2810
2794
2798.95
2823.95
2819.9
2845
2911
2924
2988.95
2965
2900
2855
2889
2899.95
2948
2900
2900
2900
2894.5
2847
2890
2900
2900
2900.2
2898.95
2925
3044.6
2898
2910
2900
2869.95
2891.9
2940
2828.9
2870
2885
2910
2945
2946.9
2912
2790
2790
2819
2829.95
2774
2881
2835
2880
2850
2894
2835
2996
3020
3080
3100
3150
3200
3140
3189.9
3235
3350
3300
3270
3224
3194.95
3170
3229
3239
3250
3151.35
3130
3214
3315
3380
3405
3485
3339.1
3280
3200
3100
3100
3130
3075.95
3150
3117
3020
3064
3150
3160
3185
3245
3199
3221
3151
3049
2865
2710
2707
2719
2612.9
2800
2793.2
2539.3
2375
2350
2310
2325
2388
2400
2360
2360
2352.85
2390
2390
2410
2440
2430
2425
2400
2425
2440
2426
2425
2430
2550
2469
2565
2475
2495
2490
2460
2470
2509.9
2530
2565
2560
2505
2490
2455
2475
2504.9
2500
2532
2515
2540
2574.9
2550
2529
2525
2486
2486
2514.95
2519.95
2521
2540
2556
2555
2550
2560
2550
2548.7
2565
2549
2580
2585
2620
2624
2575
2584.75
2595
2535
2564
2529
2585
2615
2770
2744.9
2732
2758
2755
2758
2729.25
2752
2748.8
2702
2767
2746.25
2794.5
2790
2769.85
2850
2855
2880
2910
2950
2950
2953.5
2912
2934
2949.9
2925.15
2979
2965
2995
3038.8
2990
3065
3122
3075
3040
3055
3390
3149
3179
3160
3148.8
2885
2905
2939.4
2845
2750
2680
2711
2696.9
2710
2690
2689
2740
2755
2815
2770
2772
2768.7
2675
2640
2601
2450
2450
2480
2450
2400
2345
2339.3
2393
2400
2397.15
2405
2433
2460
2500
2500
2535
2555
2700
2624.25
2567
2565
2590
2599
2541.15
2455
2503
2545
2610
2520
2705
2762.6
2690
2700
2715
2825
2700.45
2571.9
2449.45
2350
2375
2365.95
2430
2415
2389.9
2313
2329
2294.4
2185.15
2099
2029.7
2119
2087
2100
2066
2072
2090.25
2108
2089.8
1990.3
2000
2000
2011.5
2008.95
2010
2020
2019
2025
2039
2037.9
2042.75
2084
2064
2050
2045
2025.45
2045
2060
2072.95
2140
2123.8
2050
2041.5
2148
2165
2150
2159
2247.95
2151.35
2115
2069
2100
2119.95
2125
2144
2180
2199.9
2211.8
2240
2239
2255
2179.25
2131
2180
2095
2019.95
2020
2010
2025
2040
1960
1970
1990
1980
1997
2033
1991.5
1965.05
1958
2007.9
2017
2050
2070
2075
1910
1890
1900
2059
1879.9
1709
1579
1464
1430
1418
1423
1413
1414.7
1418.5
1420
1420
1410
1410
1455
1430
1392
1397.9
1395
1390
1395
1418.85
1404
1440
1425
1415
1400
1405
1377
1378
1390
1384
1367
1369
1375
1400
1450
1462
1450
1442.9
1439.95
1430
1483
1480
1405
1360
1365
1351
1390
1360
1360
1370
1420
1450
1470
1470
1474.9
1428
1505
1500
1484
1518
1600
1617.5
1650
1628
1625
1660
1687.9
1650
1624.95
1625
1580
1610
1700
1750
1711.7
1730
1698
1690
1669
1700
1725
1758
1707.6
1725
1740
1685.7
1710
1685
1714.7
1725
1620
1590
1488.65
1494.9
1487
1485
1463
1466.7
1472
1600
1700
1765
1770
1800
1854
1890
1900
1909
1922
1950
1975
1964
1930
1914.45
1920
1905
1900
1900
1924.8
2035
2048.7
2100
2150
2160
2199
2201
2080
2017.5
1939
1890
1850
1850
1849.9
1825
1844.55
1910
1930
2066
2039.9
1927.7
1940
1970
2048
2173
2200
2240
2309
2325
2270
2297.9
2383
2350
2324
2393
2459
2423
2375
2380
2469
2499
2439
2259.8
2335
2390
2419
2525
2548
2551
2460
2280
2199
2185
2160
1900
1870
1840
1834.9
1850
1850
1900
1900
1899.95
1870.4
1975
1900
1810
1820
1819.7
1850
1805.9
1780
1839
1948
1920
1775
1688
1710
1720
1770
1777.9
1725
1629.9
1610
1602
1665
1630
1605
1679
1698
1744
1785
1732
1775
1850
1880
1830
1800.1
1818
1800
1795
1639
1451.5
1492
1500
1470
1471
1463.95
1460
1450
1476
1452
1499
1554
1522.4
1551
1594
1592
1574
1619
1608.9
1460
1470
1485
1469
1445
1455
1457
1480
1491.9
1515
1515
1525
1524
1520
1563
1512.2
1549
1543
1515
1490
1501
1425
1473.95
1550
1476.2
1353.95
1360
1383
1520
1523
1452
1410
1430
1400
1427
1428
1450
1450
1419
1448
1418
1425
1453
1489
1490
1474
1454
1383.05
1298
1270
1264.95
1304
1212.95
1199.9
1210
1220
1230
1225
1200
1200
1200
1210
1205
1208
1191
1210
1275
1290
1300
1320
1310
1299
1300
1330
1339
1280
1220
1220
1210
1199
1201
1210
1235
1210
1180
1149.5
1091
1075
1109.9
1144
1111.95
1010.9
1030
1029.9
1013
1050.5
960
974
970
992
1008.05
1065
1066.5
975
901.2
910
900
900
892
883.7
886.95
885
888.75
878
869
884
908
915
912
907
905
900
880
890
890
872
875.05
890.05
910
935
919
921
902
908
915
893.5
880.05
885.95
885
905.95
925
885
895
879
880
881.95
888.7
899
880
888
899
917
904.5
906
905
890
899
904.9
858
895
904
900
884
886
880
882
886
882.5
880.1
887
890.3
893
915
895
901
904
905
910
905.5
919.9
917
925
947
1000
940
915
890
875
877
870
868.55
870.55
860
875
876.55
880
860
871
880
870
875
859.95
854
850
847.45
875
865
846
834.5
845
846.5
850
848
868.75
849
825
835
844
840
854
865
860
857
850
852
848
853.95
850
855
879
880
880
885
885
878
881.05
913
927
915
917
910
915
920
914
911
914.95
910
916
917
901
900
905
905
904
900
900
902
900
897
902.5
922
915
925
909
900
900
926
908.9
924
930
958.9
895
898.95
920
884
886
889.9
875
866
850
864.5
880
852
869
898.8
853
824
817.9
804
853
840
840
868.25
840
810
802
806
820
835
836
848
874.95
870
865
884
885
887
878
889.95
915
885
800
825
785
799
800
772
794
804
820
820
840
845
848
851
835
830
826
807
799.8
807.25
810.1
839
840
851.05
880
885
880
882
880
885
873
878
873
870
874.95
879
874
860
849
895
892
902
907
898
894
900
893
902
899
860
858.65
864.95
825
815
812
789
795
770
773.1
761.05
788
800
791
793.45
825
824.9
837
850
747.5
735
735
727
729.95
728.9
710
715
735
740
754
714.95
725
727.95
717.95
677.95
655
659
645
751.9
685
723.95
757.95
797.95
789.9
800
807.9
800
815
819
813
836
833.95
804
748
640
640
648.9
648.8
646.5
619.1
614.95
609
595
617.95
628
631
680
639.9
609.15
569.95
489.25
488
489.5
493.95
488
494.8
487
495
491
486
489
485
483
484.95
481
483
480
482
482
490
485
490
487.5
491
490
487
490
485.5
507
508
500
496
496
494.5
485
487
485
505
489
490
489
489.45
490
501.85
508
505
514
491
496
515
489.75
490.95
489.5
499.75
489.65
489
496.7
495
497.95
490.1
507.95
518
515
512
516
540
536
545.5
555
552.7
554
567
560
570
568.95
555
550
560
555
584.95
600
659
1284
1125
1148
1140
1142
1090
1094.95
1095
1094.9
1079
1077.9
1077
1076.95
1075
1077.9
1080
1080
1095
1085
1070
1074
1080
1062
1036
1060
1011
975
963
933.85
942.5
924.95
887.6
887.6
893
915
875.25
885
868
874.95
889.95
855
867.95
870
879.95
901
898
909
906
918.95
916.3
916.3
924
937.45
937.45
953
939
943
950
956.4
956.4
989
990
1001
1010
1017
1011
1015
1004
1000
1004
987.65
998
999
1000
1060
1005
1010
1010
1015
1063.65
990.05
1014.85
1015
981.45
1004.95
999
1000
1020
1015
1031
1095
1084
1084
1095
1095
1130
1185.05
1194.6
1174
1197.45
1238
1243
1250
1250
1270
1283
1292
1284
1295
1300
1300
1317
1335
1351
1390
1387
1407
1380
1420
1419
1416
1425
1410
1410
1413.95
1415
1420
1415
1415
1439.9
1422
1415
1438
1430
1500
1460
1390
1375
1300
1289
1228
1230
1225
1230
1218
1210
1210
1238
1213.9
1223.95
1220
1210
1230
1243.25
1275
1120
1120
989
1000
1040.05
1130
1160
1112.1
1145
1313.9
1313.9
1400
1475
1460
1439
1450
1470
1545
1560
1610
1507.45
1415
1416
1439
1459.95
1424.5
1428
1435
1424.9
1450
1470
1500
1540
1580
1475
1475
1549
1650
1555.7
1367.15
1450
1444
1540
1630
1670.85
1670
1850
1860
1985
1905
1939
2029
2120
2150
2148
2170
2190
2189.95
2199
2250
2200
2185
2210
2173
2275
2200
2149.9
2170
2179
2214
2239
2360
2277.25
2300
2370
2350
2375
2474
2499
2557
2634
2691
2697.9
2820
2648.15
2532
2526.2
2454
2485
2362.7
