5700
5691
5600
6043.25
6020.05
6005
6085
6154.05
6240
6330
6375
6140
6051.1
6070
6122
6140
6200
6050
6130
6031.15
6034
6008
6022
5992
6180.9
6180.9
6120
6090
5900.5
6105
6236
5820
5810
5830.1
5845
5830
5893.1
5831.1
5825
5861
5985
5990
6050
5960
5925
5770
6000
6045
6161.55
6000
5840
5890
6009
5970
6018
5900
5921.35
5900
5900
5691
5590
5520
5430
5190
5280.2
5184
5301
5354.1
5501
5740.1
5830
5900
6070
6000
6023.4
6000
5933
6000
5942.15
5511.5
5440
5455
5445.05
5415
5420
5625.05
5611.25
5670
5515
5519.85
5451
5160
5170
5150
5188.75
5180
5185.1
5251
5300
5171.05
5072
5075
4482.7
4335.35
4280.05
4150
4138
4152.15
4150
4220
4251
4271.05
4255
4255
4292
4240
4100
4170.1
4181
4219
4250
4285
4185
4210
4300
4415
4625
4612
4535
4600
4600
4670
4331.25
4475.05
3731.1
3536.5
3379
3369
3320.05
3365
3264
3235
3222
3170
3105
3250
3212
3222
3301
3333
3562
3601
3315
3300
3320
3301.05
3268
3262
3202
3303
3301
3301
3415
3222.15
3301
3403
3420.05
3454.8
3350
3405.05
3350.55
3371.05
3240
3170
3210
3115.2
3116.2
3140.05
3070
2825
2700
2540
2431
2400
2350.9
2340.25
2210
2290
2201.4
2255
2311
2260
2229
2280
2211.25
2233.6
2233.6
2151
2162
2223
2250
2160.3
2160
2121.3
2055
2050
2050
2205
2250.6
2090
2047.55
2040.15
1900
1991.6
1920
1921.8
1804.05
1765
1641.8
1641.5
1656.3
1653.5
1616
1620
1613.25
1590
1601
1602
1551.05
1535.05
1515
1522.35
1537.75
1537.75
1511.95
1501
1535.3
1580.1
1600
1616.7
1623.05
1600
1612.2
1601.3
1632.5
1621.3
1645
1620
1630.05
1662
1680.85
1648.25
1618.5
1641.55
1550
1614.9
1610
1622
1641.95
1611
1620.65
1656
1632.15
1610.6
1647.8
1552
1740
1785
1792
1777.9
1785
1771.15
1811
1811.15
1801.6
1800
1900
1882
2025
2035.1
2010
1981.4
1980.15
1870
1852.5
1860
1910.4
1890
1920
1980
1962
1960
2000
2021.3
2050
1736
1760
1750
1755.9
1750
1713.7
1701.8
1681
1651.1
1677.7
1660.05
1703.5
1650.6
1678.4
1666
1655.05
1680
1703
1730.3
1788.1
1890.15
1970
1945.05
1966
1993
1965.05
1980
2020
2100
2073.05
2010
2036.7
2009.15
1940
1790
2010
2250.6
2310
2335.2
2325
2350
2320
2470
2575
2351
2300
2550.35
2480
2670
2685
2849
2931.7
2915
2750
2901
3024.1
3115
3200
3210
3195.95
3150
3000
3220
3100
3305
3405
3460
3494.95
3500
3526
3501.1
3503.2
3593
3542
3520
3493
3461
3440
3433.5
3475
3505
3560
3530
3479.05
3561
3586.65
3501
3425.4
3367
3350
3380
3375.05
3395
3320
3300
3330
3353
3375
3375
3323
3351.05
3460.1
3410
3161
3155
3147.1
3140
3090
3200
3231
3281.05
3310.05
3310
3151
3127.4
3085
3125
3050
3190
3377
3412
3485
3460
3525
3500
3757
3861
3940
3968.25
3930
3805.65
3802
3878.55
3834.5
3750
3910
3910
3940
3919
4000
4035
3962
4000
4030
4075
4160.6
4253
4222
4145
4216.85
4203.05
4181
4105
4154
4180
4311
4465.75
4551.55
4612
4625
4524
4542.95
4521
4555.25
4540
4400
4301
4255
4210
4206.05
4242.5
4201.05
4042
3900
4018.5
4001.05
4000
3940
3900
3881.05
3843
3880
3901
3825
3951
3830.05
3723
3770
3550
3500
3733.15
3733.15
3701
3808
3810
4000
4052
4251
3951
4000
4156
4349
4305
4300
4415.1
4540
4606.05
4675
4601
4492
4425.05
4600
4581.5
4610
4600
4311
4301
4186
4100
4445
4615.2
4850
4780
4911
4851
4751
4750
4750
4990
4705
4750
4500
4500
4108.25
4905
6100
6250
6150
6283
6335
6290
6610
6800
6851
6825
7002
7000
7051
7101
7100
7030
6980
7010
7011.6
6955
6946.9
6881
7060
7000
7050
7460.05
7390
7301
7325.05
7150
7150.05
7357
6700
7200
7100
7000
6911
7120
6650
6735
6591
6300
6702.2
7190
7235
7200
7300.1
7558
7410
7250
7400
6055
6399
6975
7640
7650
7605.35
7610
7120
5751
5425
5201.05
5052
4715
4599
4500
4460
4100
4239.9
4076
4045
3650.5
3670.05
3700
3710.05
3710
3685
3635
3756.6
3750
3725
3725
3700
3745.05
3761
3770
3801
3810
3785
3751.1
3800.15
3800
3815.5
3812
3800
3810
3830
3865
3860
3876.05
3800
3765
3800
3780
3775
3761.05
3720
3785.15
3833.15
3899.95
3870
3800
3950
3915
3830
3775
3825
3825
3810
3800
3920.1
3900
4000
4077
4070
3950
4110
4090
4145
4051
4131
4150
4150
4155.05
4107
3981
3977
3950
4000
4011.25
4050
4050
3950
3964
3975
4035
3975
3756
3780
3803.05
3814.1
3826.05
3830
3830
3855.15
3830
3852.1
3715.1
3820
3864.4
3751.15
3900
3950
4000
4149
4176.85
4125
3962.25
3900
3821
3765
3760
3811
3785
3830.35
3836
3809
3830
3816
3790
3770
3767.55
3750
3761
3750
3640
3691
3678.45
3678.45
3625.05
3655.3
3695
3590
3522.4
3587
3605
3430
3357
3280
3250
3236
3240
3237
3240
3246
3247
3224.05
3225
3270
3275
3330
3282
3145
3384.85
3370
3400
3400
3425
3449.8
3150
3341
3336
3302
3349
3257
3265.15
3100
3285
3333.05
3400
3650
3632.05
3600
3675
3725
3725
3760.05
3800
3801
3825
3926
3870
3870
3870
3915
4000
4025
4050
4055
4022.25
4080
4050
4066.05
4142
4105
4176.4
4110
4146
4231.05
4216
4200
4210
4265.1
4215
4202
4215
4219
4212.1
4239
4125
4270
4312
4300
4326.35
4303.5
4275
4272
4300
4215.1
4298.35
4290.05
4301
4290
4200
4225
4250
4178
3960
3950
4165.5
4303
4360
4250
4490
4495.2
4491.05
4475
4480
4360.05
4290
4260
4290
4226.1
4351.25
4126
4285
4441.1
4453
4502
3795
4052.6
4145
4100
4200
4001
4185.6
4190
4200
4170
4200.1
4276
4275
4448.45
4448.45
4425
4355.2
4255
4455
4475.05
4576
4550
4488
4400
4520
4175.05
4075.5
3870
3856.05
3845
3836.75
3800
3800.15
3825
3775
3751
3700
3813
3800
3788
3800
3792
3860
3880
3775
3760
3805
3825.15
3810
3821
3799.5
3667
3666
3610.05
3601
3620
3560
3560
3600.05
3510
3501
3500
3505
3600
3606
3450
3415
3429.1
3100
3260
3180
3150
2940
2884.05
2900.05
2860
2800
2643
2601
2600
2550
2575
2460
2465
2490
2471
2450
2477
2470
2498.8
2450
2450
2415.15
2400
2420.3
2405.05
2385.1
2310.2
2261
2362
2411
2401
2480
2340
2236
2210
2129.9
2129.9
2105
2151
2350
2279.9
2399.8
2526.1
2640
2662.4
2630.1
2730
2747
2796.5
2921.5
2880
2782
2865
2821
2956.8
3090
3216.5
3235
3205.1
3278
3375
3430.25
3512.15
3481
3500
3535.15
3570
3540
3529
3300
3388
3510
3545.05
3700
3805.6
3775
3767
3790
3772
3713.95
3691.05
3808
3839.55
3810
3625
3522.85
3250
3165
3131
3093
3040
3108.05
3090
3150
3155
3225
3175
3200
3175
3175
3110
3140
3112
3131
3115
3111.65
3121
3118
3126
3120
3126
3075
3030
3030
2995.05
3037
3080
3190
3110
3080
3089
3100
3101
3205
3240
3246.05
3090
2825
2800
2800
2800
2800
2800
2800
2770
2740.45
2720
2699.95
2700
2740
2725
2690.05
2685.5
2670
2671
2675
2694.05
2675
2710
2730
2742
2750
2740
2740
2735
2710
2744
2750
2750
2800
2850
2891
2825
2820
2795
2800
2850
2870
2880.2
2845
2860
2846.95
2802
2828
2842
2857
2825.25
2850
2600
2870
2846.05
2852.05
2830
2815
2840
2793.05
2749
2790
2815
2800
2844.05
2840
2800
2790
2790
2775
2788
2725
2710
2755
2780
2765.1
2724
2750
2840
2950
3010
3025.05
3050
3080
3140
3115
3175
3200
3155
3151
3161
3150
3051
3103
3163.55
3180
3044
2950
3040
3148.5
3305
3315
3372
3200
3150
2960
3067.05
3026
3050
3075.95
3055
2999
2955
2967
2992.1
3100
3125.45
3162
3110
2980
2995
2849.85
2660.05
2622
2600
2639
2612.9
2550
2588
2305
2275.05
2300
2290
2278
2280
2300
2300
2331
2352.85
2350
2350
2372
2380
2360
2381.1
2375
2380
2352
2360
2380.15
2375
2375.75
2435
2430.05
2450
2462
2415
2426
2435
2422
2450
2525.05
2460
2460
2451
2421.2
2414
2432
2451.25
2475.1
2485
2500
2480
2509
2495.15
2490.3
2486
2486
2480
2475
2480
2475
2512.05
2526
2530.8
2510
2518
2506
2505
2502
2531
2521
2530
2540
2530
2536
2500
2480
2499
2475
2475
2550
2581
2689.5
2696.05
2720
2720
2720
2687
2650
2655
2645.35
2699.95
2746.25
2711.1
2732
2722
2740
2780
2800
2770
2851
2895
2887
2825
2790
2908
2925.15
2906.5
2911
2945
2903
2900
3000
3016.5
2880
2952.1
2950
2980
3060.1
3099.9
3051
2882
2850
2831
2810
2695
2650
2635
2633
2625
2450
2620.5
2575
2601
2675
2750
2711
2705.1
2650
2595
2550
2420
2415
2400
2390
2400
2335
2291
2339.3
2301.1
2326
2397.15
2366
2381
2385
2380
2446
2476
2450
2520
2525.15
2480.05
2465
2422.6
2532
2454
2407
2440
2450
2475
2441.55
2570.05
2640
2620
2620
2610
2590
2630
2498
2302
2266.85
2281
2340
2340.3
2351.1
2309
2255
2250
2202
2025
2050
2029.7
2000
2032
2031
2033
2072
2060
2058
2000
1990.3
1970.1
1980
1980
1953.05
1985
1990
1978
1983.1
1986.05
1999
2006.1
2031
2013.1
1997
1980.2
2025.45
2011
2011.5
2020
2042
2015
2010
2041.5
2025.1
2075.05
2075
2085
2090
2027.1
2040
2030
2050.05
2069.9
2070
2092
2110
2120
2165
2170
2190
2140.75
2080
2060
2065
1996
1980
1985.3
1976
1992
1955
1931.05
1941.5
1950
1950
1950
1930.35
1910
1881.1
1905
1901.05
1950
2006
1981.1
1900
1841
1833.2
1821.05
1850
1775
1539.4
1468
1419
1400
1398.25
1405
1371.25
1371
1365
1392
1386
1390
1388.05
1390
1370.1
1366
1370
1350
1380
1380
1375.1
1350
1360
1376
1335.1
1385
1382
1343
1330
1345
1360
1335
1325
1330
1360
1401
1440
1427
1419.5
1411
1395
1451
1412
1368
1340
1343
1322.5
1339
1338
1317
1285.5
1350
1405.05
1400
1440
1426
1380
1435
1465
1424
1378
1450
1575
1590
1580
1595.75
1632
1621.1
1600
1610
1575
1547
1550
1587
1657
1711.7
1690.25
1684
1651
1640
1655
1681
1680.1
1707.6
1695
1715
1685.7
1660
1650
1675
1615
1570
1490
1469
1445
1470
1415
1410
1390.05
1430
1451
1580
1670
1702
1730
1780
1811.05
1835.15
1875
1895.5
1903
1921
1916.25
1890
1914.45
1870
1870
1849.7
1811
1855
1880
1961
1980
2049
2041.2
2138.05
2050
2000
1917
1865
1829.7
1800
1800
1760
1757
1844.55
1825.3
1875
1900
1955
1927.7
1850
1800
1876
2000
1800.15
2195
2185
2217
2211
2231.2
2260
2295
2221
2280
2351.3
2360
2275
2290
2330
2410
2290
2259.8
2251
2325
2271
2270
2456.3
2430
2200
2150
2062
2000.1
1890
1850
1791
1775.1
1790
1780
1802.05
1805
1840
1852
1870.4
1830.05
1755.05
1650
1750
1780
1798
1765
1710
1726
1785
1750
1660
1641
1660
1676
1660
1700
1600
1580
1555
1560.5
1585
1545
1551
1580
1630
1656.5
1678
1675
1630
1730
1799
1735
1730
1725
1725
1611
1475
1451.5
1450
1449
1455
1456.5
1420
1425
1169
1440
1425
1440
1414
1480
1486
1550
1530
1520
1550.05
1488.7
1422.35
1420
1440
1390
1401
1423
1426.05
1325
1465
1400
1428
1452.05
1485
1475
1505
1512.2
1510
1505
1475
1445
1434
1391.1
1381
1431.5
1345
1305
1310
1300
1350.1
1435
1410
1385
1395
1379
1359
1395.5
1405
1425
1386.05
1395
1375.05
1365
1401
1450
1425
1392
1360
1252
1247.1
1230.05
1220
1195
1190
1178.05
1185.05
1170
1200
1195
1171
1149
1175
1180
1179
1145
1118
1145
1180
1236
1251.05
1280
1285
1260.05
1240
1290
1279
1191.25
1182
1181.1
1180
1190
1150
1175
1161
1150
1115
1041.25
1041
1045
1070
1103.1
1015
1010.9
999
983
995
950
940.05
940
950
940
1008.05
994
952
903.5
901.2
890
885
887
891.25
883.7
865
880
870
865
850
870
875
886.25
891
902
895.05
862
875
890
866
872
872
876
885
908
910
901.1
892
899
897
875
873.25
880.1
875
875
870
867.25
861.05
856
870
866.1
888.7
868
869
888
886
896
890
900
894
880
885
861
842.05
852
879.25
865
863
860
865
871.3
875.1
875
880.1
880
880
880
881
889
891
891
897.25
910
890
893
885
915.1
920
925
915.55
890
875
860
862
854
853.1
853
846.1
853
863
840
842
842
864
857
845
841
845.05
844.25
826
830
845
843.95
831.5
825
835.2
840.5
790
800.05
825
817
806
820
839.95
851
846
779.85
846
841
840
824
832.5
830
835
834
866
874
852.75
869
865
876
882
911
905
905.05
905
905
905
904.1
906
902.5
901
903
900
890
895.1
889.5
895
890.05
896
895
890.05
886
891
899
906
901.05
880
900
900
895
901.25
893.05
908.05
902
890
880
870
870
860
855.5
865.05
860
850
846
850
850
830
815
820
820
810
805
799
800
820
802
810
800
781
785.1
780.05
795.1
801
826
830.15
836
853
855.6
861
870
867
866
865
850
785
785.05
767
775
780
751
750
751.05
782.05
790
795.05
810
815.1
812.1
815
816.7
805.1
741
716.7
785
790
810
794
826.05
850.25
851
870.05
853.2
865
866.2
855
845
865.5
865
854.25
860
852
817
825
825
740
880.1
882
880
884
882.15
881
870
880
843
835
827
809
800
795
784
779.1
761
762.5
760
746
755
781.5
779.1
766
781
775.5
785.1
735.4
720.1
726.3
716
712
720.5
702.05
702.05
676
716
718.25
709.1
705.05
702
709
678
632.15
636.05
631
600
650
660
675
725
720
768
756
781
775.5
785.05
786
790.15
801.05
690.15
710
624
623
620
620
610
600
599.05
600
600
560
580.5
600
617
606.1
592
550
488
479
480
480.05
480.15
481.05
478.05
480.5
485.6
480
483.5
482.5
480
471.1
460.1
467
460
465
465.05
468.25
466
471.15
481
477.5
480
470
470
481
481.1
482
475
484.25
488.25
480
482
475
470
480
460
475
460
478.05
455
485
485
485
492
494
486
490
492.5
488.9
478
485.05
486.3
485
485.05
478
488.1
483.1
484
495
506
505
500
505
501.1
521
530
540
547
540
540
542.25
555.8
546
555
542
540
543
551
562.1
659
1105
1102.05
1125.1
1118
1082.1
1070.05
1071.55
1070.05
1075
1000.1
1070.25
1067
1065
1055
1062
1065
1057
1070
1055
1040
1045
1040
1020.1
1008
1014
950
952
932
933.85
908
906.1
887.6
887.6
883.55
905
875.25
860
850.05
852.5
856.3
840
844.05
850.05
866.15
878
880.4
895
900
895
916.3
916.3
910
937.45
937.45
910.5
916.05
931
931
956.4
956.4
950
985
988
996.05
993
985
985
995
990
997
987.65
985
993
990
991.1
985
995
998
993
989
975.25
990
991.05
981.45
972.05
975
980
990
986
960
1040
1060
1030
1065
1050
1030
1185.05
1163
1137.5
1197.45
1190
1216
1229
1230
1255
1259
1260
1265
1250
1300
1300
1250
1303
1312.2
1345
1361
1381.1
1350
1380
1400
1395
1391.5
1390
1393
1413.95
1405
1410
1400
1400
1391.1
1395
1400
1396
1395
1400
1385
1347
1315
1251.1
1257
1198.1
1201
1210
1200
1190.1
1190
1191.1
1201
1180.25
1127
1190.05
1151
1150
1243.25
1160
1120
985
989
950
1040.05
1031.3
1100
1112.1
1112.1
1313.9
1313.9
1313.9
1405
1412.5
1340
1450
1432
1475
1560
1540
1400.05
1366.05
1381
1370
1395
1375
1397
1400
1390
1400
1360
1450
1465
1490
1475
1475
1450
1550
1474
1367.15
1313
1350
1403.05
1500
1555
1545.65
1679.05
1805
1850
1850
1800
1917
1970
2060
2099.5
2085
2153
2147
2126.5
2145
2125
2139
2110
2126.2
2152
2100
2149.9
2130
2120
2075
2172.1
2200
2277.25
2252
2300
2300
2305
2263.25
2427
2470
2450
2580
2603.05
2545
2648.15
2380
2375
2280
2325
2270
