287.88
286.1
288.08
290.87
304.1
304.44
304.96
302.58
300.07
290.31
284.27
282.38
285.22
284.83
279.17
278.47
277.46
280.44
277.24
292.65
292.98
289.84
285.69
293.08
280.32
280.78
264.42
255.28
263.66
277.26
281.91
279.66
277.13
275.46
276.19
283.07
284.97
272.88
287.88
295.16
295.59
292
290.97
288.7
298.31
294.16
292.2
284.62
273.38
274.55
267.05
263.61
256.41
253.54
254.01
240.8
246.72
247.1
244.43
232.97
230.77
238.23
246.21
236.81
232.09
214.93
205.32
207.82
197.62
192.22
192.08
192.08
209.38
212.06
209.61
221.04
220.86
221.84
220.41
215.61
211.01
212.05
218.93
225.31
226.68
226.24
224.65
220.1
219.41
219.08
220.62
219.21
213.84
204.99
206.01
208.35
207.49
212.06
229.23
245.03
242.89
238.59
240.76
240.23
249.36
257.85
255.94
256.11
259.16
260.56
264.51
266.13
264.13
264.16
266.82
267.59
263.1
263.17
263.18
264.02
265.4
271.84
278.05
279.19
275.63
278.34
275.82
281.26
281.07
279.87
277.25
274.46
271.03
266.41
271.71
279.61
277.62
280.53
279.16
277.95
283.4
284.41
281.53
281.73
290.05
307.24
309.25
303.36
305.08
307.26
309.4
315.17
309.76
311.4
311.3
315.24
325.54
335.52
332.01
333.93
332.14
332.47
334.73
334.48
334.48
333.48
336.7
335.78
344.41
351.91
354.39
353.96
351.4
345.06
342.87
349.74
354.22
360.71
371.44
376.84
382.95
387.65
383.66
397.41
404.17
402.53
399.15
399.17
393.4
386.6
379.44
388.73
398.2
395.73
391.6
387.04
379.8
361.16
345.79
346.6
359.14
364.57
370.97
375.34
377.49
370.51
371.67
369
369.71
374.61
372.53
370.75
375.24
373.98
388.48
382.01
372.52
374.09
374.33
371.58
378.34
393.12
415.59
434.1
439.57
437.97
432.66
432.12
421.85
409.19
411.54
411.52
407.4
403.12
415.68
431.05
457.07
463.17
446.58
443.87
447.43
452.54
450.11
425.65
406.11
429.56
436.6
441.48
431.44
422.21
420.9
403.83
397.47
394.01
368
378.03
381.48
361.04
352.39
341.07
343.49
357.86
368.87
382.72
374.35
383.82
366.55
369.03
375.7
379.24
396.32
414.2
422.45
416.2
402.74
389.19
390.31
367.25
365.78
371.24
360.79
361.04
381.38
396.9
383.9
369.44
375.71
378.3
377.96
377.03
372.08
373.34
374.15
374.68
375.27
374.8
368.89
366.09
374.28
374.28
379.24
383.64
397.04
405.81
408.54
420.55
414.21
420.96
424.25
432.35
434.12
432.01
439.16
449.71
460.83
459.75
453.66
450.5
448.34
450.21
459.71
463.64
459.02
460.68
461.42
455.8
442.38
451.55
459.81
467.9
470.7
474.51
486.46
487
497.34
495
493.56
491.71
485.58
477.02
468.6
476.88
486.9
494.18
495.9
499.17
504.52
506.31
508.56
502.66
512.8
516.21
513.49
521.25
522.96
522.41
520.26
509.22
496.97
491.81
492.59
485.45
505.2
506.74
494.2
496.28
499.28
492.23
496.3
498.3
493.57
473.21
481.16
480.03
480.2
454.2
449.13
473.89
478.68
467.74
471.08
464.46
463.47
472.3
480.13
497.91
508.42
507.62
520.53
532.28
529.37
525.46
519.53
521.11
519.53
525.41
525.78
520.33
527.09
545.97
557.99
566.57
577.64
586.9
599.6
614.23
613.88
607.5
600.4
602.09
597.95
597.86
578.39
569.76
600.33
610.35
601.72
630.67
685.77
661.45
698.3
671.77
656.74
689.87
696.17
685.29
716.6
744.47
737.17
731.12
716.64
728.9
771.71
770.7
763.19
737.02
740.18
718.03
738.85
786.37
782.94
772.86
789.34
787.35
775.12
742.17
749.65
756.36
750.35
739.9
739.55
747.45
750.56
750.6
754.89
749.41
747.04
749.09
753.29
750.82
768.34
789.29
789.39
773.15
763.81
753.7
745.68
776.57
758.28
760.36
780.32
769.89
779.43
780.16
811.76
832.47
841.88
855
869.63
872.24
879.49
901.54
974.84
990.86
941.11
931.31
904.55
862.93
793.99
829.28
826.4
859.86
887.6
924.26
894.55
884.76
887.75
881.1
859.6
843
841.66
810.97
758.82
768.97
788.83
793.36
803.94
837.47
841.66
814
805.79
785.98
778.3
774.92
784.21
796.54
798.98
774.67
735.54
728.45
719.4
679.88
643.15
654.54
691.44
656.01
667.52
646.37
626.42
624.3
597.8
597.8
588.28
613.43
649.55
641.45
638.18
625.63
597.26
598.64
591.81
584.88
584.46
606.19
622.24
632.86
618.96
609.36
612.48
626.66
651.75
659.8
678.62
718.84
720.95
718.38
722.12
730.49
742.66
745.86
739.44
751.56
754.15
757.37
740.46
705.09
680.91
677.64
704.26
687.92
707.8
722.81
721.32
706.12
691.5
675.33
654.9
617.44
610.18
622.59
651.66
624.38
617.74
595.92
600.26
601.17
616.84
571.44
553.12
556.34
560.1
572.97
583.46
613.09
620.08
583.06
571.61
553.89
552
536.4
548.45
517.79
491.14
475.64
488.21
479.39
474.92
484.1
477.48
519.33
533.05
540.36
523.04
483.43
474.74
495.52
533.36
553.23
578.61
613.48
615.61
583.58
565.35
522.22
527.04
533.99
528.74
552.91
587.48
614.99
600.98
586.17
607.39
594.11
575.72
568.75
560.12
557.28
545.53
543.93
527.17
528.59
552.89
540.44
545.85
540.21
562.05
574.19
597.83
607.72
597.18
563.92
569.15
565.78
565.95
563.66
560.6
531.65
530.36
546.44
522.99
563.55
566.99
552.54
560.64
573.85
571.54
549.58
537.7
581.79
587.84
573.03
549
546.41
511.34
514.92
468.48
494.2
533.94
500.2
486.37
499.86
500.24
515.09
513.98
495.47
454.23
415.9
450.47
445.98
422.24
436.36
474.46
495.94
504.96
471.47
459.88
479.23
465.67
435.33
420.52
415.77
376.91
352.88
350.23
327.67
326.46
324.84
316.61
312.57
324.04
324.65
333.74
329.61
346.19
357.9
362.52
365.88
361.2
365.26
369.31
364.38
384.01
393.29
403.21
415.01
434.15
435.11
412.4
392.24
391.36
393.95
388.82
404.6
408.48
411.53
427.38
444.82
451.94
437.43
417.72
405.73
374.49
358.93
359.2
346.89
350.96
353.93
339.88
331.03
330.99
318.52
307.28
314.4
329.02
347.04
344.17
330.71
320.66
321.27
315.05
320.06
332.05
339.35
337.43
345.06
350.64
341.55
325.44
311.82
316.17
302.85
298.52
290.73
295.83
284.3
277.49
263.46
258.24
261.96
251.34
237.14
229.24
224.72
224.72
236.32
258.05
271.46
267.97
269.63
281.82
281.15
289.46
302.92
306.56
331.68
342.38
327.69
322.91
329.85
347.66
351.8
354.2
349.12
342.77
358.15
355.64
364.54
369.8
380.55
392.53
392.48
411.86
395.4
388.49
390.13
414
431.68
437.12
440.13
444.52
444.52
471.57
497.71
495.11
495.38
489.56
492.43
513.17
539.85
515.22
524.2
527.52
637.39
599.21
590.09
587.94
614.23
606.5
624.86
632.25
631.85
611.75
587.5
572.62
575.84
593.11
574.46
566.26
595.02
589.97
576.87
567.8
586.38
594.83
584.15
596.52
613.42
567.71
611.85
620.42
640.29
682.18
683.72
683.89
689.75
684.96
667.9
648.84
636.14
621.81
607
588.72
611.82
623.03
640.66
664.12
697.42
705.19
704.07
707.68
718.11
734.94
756.63
740.87
732.08
740.63
736.19
725.91
700.72
679.58
659.28
663.12
683.65
689.65
701.92
698.28
674.71
663.85
660.31
670.31
690.28
719.29
726.42
735.49
742.1
736.92
723.01
721.12
712.91
718.7
720.35
739.17
737.8
727.8
732.41
725.55
722.7
716.31
729.98
732.51
728.82
731.28
731.34
734.63
732.21
733.48
731.52
738.04
765.07
796.2
806.88
784.26
788.37
797.02
799.49
803.87
808.13
810.2
819.52
820.05
806.82
804.88
805.29
789.67
776.67
789.66
788.07
765.03
753.36
732.18
735.8
726.32
721.56
732.21
735.57
743.93
775.87
803.39
799.88
793.25
789.12
803.66
802.62
801.7
792.97
785.38
797.05
797.73
807.83
810.23
779.74
794.49
819.7
835.23
839.61
826.96
816.84
820.52
819.06
815.34
814.24
801.47
784.19
755.47
749.36
750.19
756.15
772.05
782.11
788.53
789.72
789.72
790.73
786.27
789.43
790.96
795.81
805.37
804.82
799.39
807.57
829.19
840.52
828.69
843.53
863
871.73
884.68
877.62
856.22
832.26
814.72
814.08
791.94
802.96
812.9
834.39
843.97
842.66
845.13
816.43
819.56
826.54
828.9
827.59
828
827.7
822.48
841.11
872.14
870.86
884.58
871.17
874.71
876.99
890.78
899.88
919.29
924.65
906.09
894.91
896.78
899.91
896.36
913.87
921.79
902.79
913.33
918.93
926.15
928.39
909.16
927.83
928.52
924.58
939.74
959.82
950.03
937.69
947.99
938.96
941.3
939.38
937.04
921.56
940.09
952.2
932.5
926.24
929.25
916.5
916.83
940.53
976.03
983.54
984.67
1007.47
1020.07
1008.36
1017.12
1021.08
1010.66
1010.47
982.83
988.11
965.49
984.25
1007.87
1016.61
1043.63
1033.19
1005.37
1004.49
976.83
963.86
964.39
980.51
937.05
932.77
948.71
980.69
980.28
964.01
953.66
984.91
996.07
969.53
980.08
990.78
991.29
1003.01
1001.06
997.43
987.33
970.21
970.1
991.33
993.18
992.26
1005.99
1003.41
1001.87
996.08
987.6
983.06
986.95
988.05
996.8
996.35
998.29
1008.45
1025.77
1035.48
1051.03
1066.88
1081.92
1083.68
1096.26
1090.24
1080.96
1104.72
1110.16
1105.1
1091.95
1084.6
1083
1079.56
1087.72
1076.83
1061.91
1052.78
1044.52
1042.4
1037.59
1038.85
1060.85
1065.55
1066.49
1071.35
1085.31
1090.8
1100.26
1099.73
1091.2
1089.81
1079.45
1064.93
1055.37
1074.77
1101.09
1087.89
1115.32
1116.37
1106.18
1105.45
1102.96
1127.01
1139.53
1160.34
1186.68
1198.1
1219.47
1237.9
1227.4
1210.12
1197.03
1207.24
1205.3
1209.82
1214.21
1244.93
1264.59
1263.27
1259.83
1253.9
1256.66
1257.42
1234.71
1257.15
1265.39
1227.36
1190.31
1184.37
1170.46
1187.64
1191.09
1180.34
1173.27
1163.24
1161.43
1163.86
1195.44
1219.18
1228.48
1234.76
1240.88
1244.5
1243.18
1242.05
1228.86
1204.49
1207.53
1193.2
1173.44
1166.78
1123.56
1131.01
1129.87
1122.29
1094.67
1067.51
1065.87
1079.91
1116.5
1154.12
1144.42
1119.88
1079.71
1026.77
1007.77
1030.1
1064
1051.87
1040.05
1042.16
1047.4
1030.77
1039.57
1054.47
1054.45
1050.31
1057.56
1044.17
1042.2
1057.76
1072.6
1087.8
1087.35
1061.71
1050.31
1031.26
1018.57
1028.29
1047.31
1035
991.07
978.14
1007.15
1026.97
1028.7
1024.13
1047.02
1052.23
1038.48
1044.44
1019.05
998.03
996.54
991.34
991.93
990.84
984.55
967.9
937.89
934.37
957.82
999.13
1017.95
1027.56
1047.98
1047.91
1036.77
1022.1
1008.91
977.07
974.68
992.31
1010.63
1034.13
1060.56
1033.86
1041.9
1047.36
1028.09
1018.57
1022.49
1015.76
1044.33
1042.1
1028.87
1023.01
1033.74
1042.87
1054.38
1078.7
1101.27
1123.52
1140.18
1132.93
1121.64
1138.45
1145.47
1141.63
1149.81
1159.02
1141.83
1134.29
1145.03
1133.12
1118.57
1148.2
1159.67
1111.39
1094.84
1083.09
1073.26
1047.92
1027.07
1001.34
986.28
979.38
990.08
1000.6
986.11
984.87
974.51
984.27
983.44
979.17
973.8
975.09
976.52
962.35
958.81
952.63
958.9
973.25
989.47
1013.24
1021.52
1012.74
1009.14
985.65
989.62
982.5
991.56
989.9
984.49
998.57
994.11
975.48
980.42
979.43
989.02
1003.71
995.4
1010.49
1028.75
1044.47
1042.68
1035.22
1045.19
1059.83
1063.91
1054.99
1058.8
1056.46
1027.77
1008.32
1019.14
1021.6
971.69
1011.3
1016.01
1015.37
998.41
1018.45
1051.89
1059.15
1047.51
1031.96
1054.23
1081.82
1073.75
1051.71
1037.48
989.75
982
965.06
993.95
981.35
972.9
974.74
955.17
911.4
862.02
847.5
859.86
857.21
829.39
809.56
824.92
854.55
865.99
874.82
894.91
916.24
917.19
901.45
855.84
845.55
855.11
880
900.83
891.06
898.83
916.55
895.96
873.86
853.47
864.68
865.46
854.29
832.32
796.63
778.25
769.45
805.41
829.02
847.88
858.62
873.79
872.5
894.12
875.25
894.82
896.49
903.77
933.96
919.33
908.07
927.69
923.28
914.99
901.68
894.9
907.31
911.45
902.14
866.28
850.5
820.59
802.71
795.21
773.25
762.6
758.64
747.59
759.41
769.04
788.35
787.12
763.17
783.61
791.56
811.63
823.24
831.77
815.65
793.29
789.98
768.31
770.5
757.04
742.47
694.65
668.36
678.59
688.64
704.83
703.46
686.46
666.24
657.9
651.08
641.15
659.91
676.08
688.1
684.13
681.15
705.37
734.07
754.32
754.47
744.37
766.66
759.15
760.01
789.22
809.11
812.48
837.75
847.8
856.17
832.17
845.6
861.22
867.53
868.99
887.19
891.55
897.76
898.4
897.38
893.8
897.86
946.07
972.09
1013.45
1025.04
1027.57
1000.64
973.7
965.14
916.2
921.02
947.48
926.97
937.35
926.73
920.95
921.3
920.68
961.02
988.15
992.42
1016.14
1003.53
984.33
969.91
957.42
967.11
965.13
945.12
920.02
914.67
900.13
892.71
910.58
918.72
936.21
931.85
933.8
933.8
920.46
922.14
919.6
945.92
948.13
944.39
959.67
966.09
957.1
946.93
926.21
897.06
883.6
871.12
877.33
892.51
885.6
886.95
859.36
822.2
801.51
802.41
774.99
780.98
789.39
798.46
794.1
777.65
771.96
751.16
766.58
777.09
769.11
785.37
801.19
813.9
822.92
807.58
784.53
775.33
775.7
796.16
808.94
833.61
835.88
840.12
834.8
842.42
818.15
821.67
817.64
798.16
804.04
807.62
807.96
814.99
805.65
805.14
781.38
802.31
820.9
832.58
835.42
832.92
830.87
826.65
844.45
855.27
838.45
836.05
834.91
831.62
825.93
843.12
838.21
823.78
828.85
824.79
814.84
810.03
819.63
832.62
835.65
840.76
834.64
848.14
863
878.57
875.26
857.22
857.41
874.87
885.76
891.18
890.29
887.92
887.88
886.98
884.13
864.28
845.98
821.6
814.49
812.68
803.46
792.33
781.67
759.05
753.79
777.73
775.23
760.78
765.03
763.15
793.99
833.18
850.73
855.84
839.55
870.66
909.51
898.48
887.36
904.7
912.01
905.4
904.52
897.25
908.05
914.08
908.48
910.52
889.64
892.82
903.26
896.26
915.78
918.15
943.29
959.38
965.76
975.84
976.16
984.36
985.67
981.95
964.73
943.09
954.74
976.04
969.89
971.96
982.2
976.35
976.14
978.97
980.68
980.68
979.69
985.78
973.21
978.75
983.04
1002.52
1004.53
1010.09
1024.16
1032
1038.65
1050.03
1051.01
1055.81
1064.85
1082.87
1079.38
1059.21
1060.87
1060.43
1063.69
1070.8
1084.47
1078.44
1076.59
1060.41
1054.77
1065.88
1072.4
1078.99
1088.22
1086.73
1086.45
1092.29
1103.53
1112.64
1103.74
1101.45
1089.56
1081.72
1089.23
1094.28
1100.92
1127.22
1133.55
1125.05
1118.21
1106.91
1111.93
1116.3
1117.4
1110.9
1121.83
1163.18
1193.05
1198.24
1201.76
1194.73
1175.75
1170.62
1170.04
1166.27
1179.53
1190.41
1185.08
1164.22
1149.74
1149.97
1143.52
1154.09
1131.76
1128.02
1125.84
1104.44
1109.14
1101.02
1080.82
1091.4
1112.63
1125.02
1117.69
1127.62
1125.92
1113.62
1088.47
1073.52
1073.72
1055.9
1054.06
1045.66
1046.73
1047.31
1051.77
1038.72
1035.56
1036.96
1041
1046.46
1048.84
1033.81
1006.68
987.68
972.55
970.23
980.09
997.5
1000.46
1022.36
1061.14
1109.34
1118.44
1144.4
1157.28
1149.36
1155.04
1188.84
1190.15
1179.02
1186.92
1194.48
1202.88
1192.76
1168.82
1186.95
1196.56
1173.96
1167.58
1170.12
1167.18
1190.72
1215.58
1221.56
1227.53
1220.8
1212.98
1180.08
1169.89
1175.02
1177.1
1166.91
1152.49
1142.51
1142.12
1132.56
1108.84
1118
1117.58
1097.1
1064.97
1035.72
1016.78
1036.08
1042.7
1040.52
1026.65
1001.6
997.11
997.85
988.83
999.04
1016.44
1044.41
1070.19
1062.52
1028.66
1021.14
1025.18
1011.9
1012.82
1011.64
1030.81
1028.8
1039.44
1001.24
968.94
970.28
976.71
958.69
965.74
917.63
899.86
898.55
883.59
884
846.35
848.45
877.59
886.95
877.82
862.45
860.54
868.6
862.13
884.01
915.7
920.04
869.08
809.54
778.89
807.33
780.49
780.68
771.49
718.64
666.46
679.15
680.02
683.58
658.77
633.07
717.52
751.9
762.72
795.72
803.16
821.52
826.78
865.46
850.75
854.43
918.55
897.14
842.97
823.37
820.38
827.91
826.57
807.87
824.09
835
866.68
878.78
858.43
872.43
852.91
858.65
871.84
886.66
880.53
865.08
870.59
902.07
935.52
946.49
964.07
968.9
957.2
959.16
974.66
991.19
975.6
978.34
976.16
979.76
976.54
957.27
911.29
874.9
852.18
825.58
860.54
878.16
904.02
912.24
906.74
880.16
873.84
885.51
893.65
892.96
903.85
913.24
942.35
950.23
951.01
989.84
1008.33
1055.15
1025.32
1010.52
1005.14
988.33
1000.11
1011.57
1017
1019.36
1013.15
1032.62
1029.98
1026.12
1037.28
1041.71
1034.91
1035.45
1037.64
1031.32
1007.34
1004.4
995.06
983.36
956.22
942.52
943.69
944.59
943.26
946.19
933.49
921.91
941.69
950.15
960.97
967.49
935.92
916.02
908.15
891.78
894.62
896.84
893.04
898.21
893.04
897.77
901.87
900.1
900.12
889.25
880.72
890.3
911.38
932.92
926.27
941.25
969.94
989.59
989.4
988.96
1002.22
1009.07
1022.93
1041.93
1055.04
1096.55
1130.4
1141.14
1124.93
1117.36
1086.22
1084.8
1086.35
1097.5
1090.8
1090.45
1126.98
1126.23
1137.81
1148.36
1158.62
1170.03
1173.06
1167.81
1159.47
1146.29
1113.65
1137.36
1164.7
1196.41
1194.09
1196.32
1174.79
1153.92
1161.13
1171.72
1188.09
1200.31
1209.81
1214.16
1220.49
1231.11
1222.07
1219.1
1215.36
1222.1
1234.02
1237.64
1228.91
1238.03
1277.09
1323.46
1327.31
1316.24
1323.67
1410.75
1453.98
1490.55
1468.63
1466.01
1485.11
1503.82
1484.04
1482.54
1492.41
1477.15
1494.14
1523.39
1527.61
1548.18
1570.4
1579.2
1561.49
1554.63
1531.04
1486.77
1433.93
1443.37
1477.22
1478.67
1483.71
1499.66
1524.73
1535.09
1535.98
1535.23
1543.45
1539.42
1548.59
1542.36
1545.29
1543.5
1518.11
1505.37
1498.77
1474.62
1467.17
1502.22
1552.63
1567.69
315.504
323.28
323.728
321.848
319.846
318.562
319.99
316.56
319.56
317.47
311.77
312.74
313.61
309.68
306.2
298.49
300.55
303.44
301.27
300.54
302.16
308.74
318.44
316.91
318.2
321.55
320.86
315.73
319.5
318.58
317.84
321.78
326.86
329.31
331.22
333.21
335.45
335.68
333.82
335.47
333.98
330.62
324.25
319.36
320.41
324.81
325.34
323.7
319.68
308.83
306.04
311.1
306
302.81
304.68
304.68
304.68
302.06
300.98
308.53
305.18
305.47
315.23
317.68
316.92
319.59
331.91
337.14
339.56
339.24
339.24
339.98
340.86
340.81
341.84
348.54
354.1
355.72
361.32
366.16
372.15
373.1
371.74
379.84
382.29
380.27
380.12
380.27
377.36
374.14
377.91
382.68
377.97
375.47
374.75
381.6
389.38
391.95
396.77
398.81
400.39
398.85
393.77
392.18
390.91
390.13
383.87
377.4
377.72
388.51
393.58
395.22
398.24
395.5
394.92
395.27
396.11
396.78
401.27
401.47
407.22
413.61
404.87
399.62
401.21
399.13
398.73
403.23
401.58
415.17
413.5
419.29
433.3
440.46
445.43
454.55
452
466.47
473.24
474.65
475.77
482.51
483.77
459.66
453.2
450.45
445.69
442.88
451.35
459.38
465.73
460.71
456.8
455.84
453.21
450.47
445.2
439.88
442.95
441.25
448.52
510.47
512.25
505.43
491.06
493.28
480.31
470.49
468.45
469.96
462.83
454.37
461.62
463.3
461
447.53
446.2
445.97
448.27
440.47
434.25
445.96
451.33
450.8
455.68
455.68
454.73
451.65
446.76
452.04
456.42
454.01
453.24
446.78
440.98
433.64
419.8
418.63
426.5
432.78
424.67
423.36
423.75
437.25
454.18
454.28
455.84
454.51
442.83
427.81
431.9
438.59
434.09
439.35
444.46
448.93
452.12
452.21
449.09
452.89
456.4
451.94
450.13
455.63
462.46
464.49
466.15
453.48
439.75
444.33
441.74
440.48
445.29
449.35
446.05
438.2
440.54
438.72
441.32
440.75
441.44
451.56
458.54
457.28
455.82
452.09
444.24
447.56
455.05
464.55
466.9
464.24
467.98
462
459.05
