5712.2
5672.47
5595.52
5950.54
5950.54
5950.54
6017.59
6079.48
6190.3
6279.37
6308.46
6349.96
6007.75
5993.12
6052.06
6063.87
6124.82
5991.01
6054.57
6040.39
5941.43
5941.43
5953.98
5936.85
6086.08
6086.08
6086.08
6104
6019.86
6072.19
6524.25
6274.79
5767.64
5766.31
5801.9
5761.83
5821.4
5809.93
5768.82
5784.57
5928.33
5917.9
5982.19
6001.54
5872.01
5788.41
5927.4
5969.2
6089.52
6086.42
5813.62
5812.83
5927.89
5916.96
5947.09
6055.06
5851.73
5924.4
5832.23
5916.91
5893.63
5495.87
5485.24
5465.56
5196.4
5196.4
5287.62
5347.41
5431.75
5666.02
5765.32
5831.4
6003.28
6210.64
5927.8
5927.8
5918.84
5988.87
5847.84
5847.84
5384.27
5387.37
5395.83
5357.99
5356.07
5535.77
5535.77
5647.91
5553.88
5432.24
5432.24
5593.05
5098.13
5116.78
5106.4
5106.4
5127.06
5205.65
5268.48
5245.06
5199.3
5057.49
4918.48
4386.46
4247.15
4326.23
4086.3
4176.69
4124.09
4232.93
4212.17
4222.6
4245.04
4255.96
4282.78
4221.12
4230.77
4117.69
4150.86
4161.63
4199.87
4244.74
4190.86
4181.46
4251.93
4400.09
4572.95
4582.64
4593.71
4544.39
4549.16
4640.03
4485.57
4570.89
4381.37
3758.23
3455.12
3323.28
3336.56
3318.46
3343.54
3199.16
3228.32
3150.63
3068.36
3227.49
3255.81
3191.69
3293.97
3315.31
3548.89
3619.65
3614.89
3325.88
3294.46
3306.56
3243.86
3315.95
3167.2
3262.01
3327.7
3319.93
3411.65
3393.06
3251.48
3367.04
3444.94
3436.13
3442.18
3402.11
3319.54
3364.09
3365.91
3182.05
3312.02
3110.79
3099.93
3129.83
3043.08
3222.77
2702.84
2647.81
2494.24
2452.3
2312.1
2312.1
2330.88
2254.27
2245.76
2218.32
2288.74
2322.33
2216.75
2251.32
2254.66
2196.73
2196.73
2196.73
2145.25
2210.16
2213.06
2202.14
2210.6
2215.81
2121.4
2029.64
2048.67
2184.59
2213.45
2213.45
2013.76
2013.76
2015.67
1958.73
1958.73
1890.08
1890.08
1792.22
1743.15
1631.03
1662.65
1635.7
1614.95
1604.97
1656.8
1573.59
1606.69
1589.23
1574.62
1526.04
1507.94
1509.96
1512.37
1512.37
1512.37
1517.39
1504.35
1561.85
1571.06
1596.94
1606.64
1604.2
1588.56
1578.52
1590.99
1590.99
1611.36
1621.69
1617.4
1624.57
1686.01
1642.16
1622.57
1626.18
1623.45
1606.88
1589.78
1589.63
1607.76
1608.05
1651.9
1640.16
1608.15
1584.42
1605.9
1605.9
1703.95
1754.23
1747.46
1768.85
1750.24
1755.21
1786.4
1774.7
1780.69
1788.98
1851.69
1851.69
1997.88
2006.65
1989.59
1949.15
1951.54
1958.75
1821.48
1826.55
1861.83
1861.83
1908.22
1941.55
1948.13
1946.91
1958.9
2016.4
2030.33
1926.69
1764.81
1727.39
1711.26
1711.26
1688.26
1695.76
1667.4
1661.65
1642.11
1651.56
1660.19
1660.19
1680.95
1652.25
1674.61
1649.76
1700.19
1695.47
1751.94
1856.96
1919.91
1919.91
1934.29
1960.8
1970.59
1954.95
2048.56
2083.88
2067.39
1988.22
1982.09
1982.09
2011.58
1839.13
2007.93
2203.05
2279.01
2284.6
2273.07
2286.99
2348.59
2417.39
2510.82
2441.72
2284.8
2481.97
2481.97
2622.74
2648.14
2784.29
2853.09
2853.09
3023.2
2861.17
2960.09
3045.29
3121.01
3125.73
3187.48
3141.69
3046.56
3154.73
3189.42
3228.3
3313.75
3378.9
3406.59
3411.8
3440.85
3430.48
3451.21
3496.66
3496.66
3441.92
3464.2
3388.34
3381.77
3370.73
3395.98
3421.82
3494.47
3571.35
3421.72
3478.41
3490.48
3490.48
3437.97
3283.53
3333.16
3293.46
3291.61
3325.44
3251.89
3233.46
3257.28
3303.03
3310.28
3291.56
3377.75
3298.02
3394.62
3475.96
3243.28
3125.73
3114.4
3066.27
3027.04
3123.4
3162.58
3228.11
3250.96
3260.78
3171.72
3171.72
3071.57
3066.37
3172.21
3128.94
3311.73
3367.59
3436.19
3383.59
3456.51
3490.69
3660.8
3769.55
3842.62
3907.77
3877.24
3815.69
3737.71
3792.06
3784.96
3766.05
3851.18
3882.49
3850.89
3915.06
3914.62
3949.53
4064.31
3925.32
3932.03
3970.53
4065.04
4157.46
4255.52
4121.58
4100.14
4100.14
4090.95
4016.28
4051.04
4081.33
4225.04
4354.11
4437.68
4510.71
4585.48
4479.35
4417.22
4417.22
4506.09
4451.49
4470.5
4259.9
4195.92
4153.38
4148.66
4125.08
4125.08
4090.66
3897.41
3907.28
3907.28
3936.06
3913.16
3850.98
3805.63
3829.01
3786.08
3811.99
3868.78
3863.63
3983.46
3705.82
3692.93
3623.22
3478.97
3629.83
3629.83
3629.83
3731.1
3742.96
3995.28
3939.86
4135.29
4254.35
4004.13
4127.51
4228.64
4228.64
4246.72
4390.46
4436.3
4477.78
4544.37
4519.17
4421.18
4446.82
4506.86
4492.32
4518.73
4564.04
4464.89
4328.91
4119.17
4122.08
4358.42
4544.61
4712.67
4811.24
4831.55
4845.07
4663.34
4711.46
4689.9
4851.27
4894.55
4846.08
4497.17
4800.82
4270.42
4977.17
5939.17
6205.61
6103.45
6114.21
6226.69
6136.98
6426.15
6605.99
6665.79
6788.25
6810.25
6810.15
6868.69
6922.2
6998.38
6839.72
6964.84
6812.87
6795.76
6795.76
6733.05
6733.05
6871.94
6841.7
6907.95
7302.37
7689.09
7242.96
7234.48
7093.21
6980.83
7233.31
7168.47
7084.88
7059.05
6851.2
6746.62
6962.47
7150.01
6560.92
6474.27
6389.47
6612.72
7010.98
7061.13
7012.04
7139.15
7387.57
7316.67
7214.17
7564.4
6924.91
6295.4
6791.55
7441.21
7625.07
7781.45
7890.83
7194.98
6540.91
5450.78
5329.09
5024.03
4996.02
4483.02
4486.02
4608.97
4294.41
4330.27
4092.66
3944.13
4146.7
3575.34
3599.53
3606.75
3600.11
3581.26
3615.42
3640.96
3640.96
3634.56
3625.6
3615.18
3634.32
3652.64
3673.33
3712.1
3693.69
3679.24
3660.73
3685.93
3710.16
3702.41
3697.66
3697.27
3707.25
3724.89
3746.02
3756.68
3787.84
3751.55
3660.73
3702.41
3712.88
3668.97
3691.55
3707.25
3684.24
3743.12
3779.95
3779.99
3790.66
3828.41
3862.52
3828.41
3674.54
3707.25
3750.87
3692.72
3696.21
3826.66
3843.38
3876.96
3970.78
3968.31
3960.9
4050.94
4011.01
4058.69
4007.47
4018.86
4031.99
4034.66
4069.79
4116.51
3997.29
3904.01
3838.1
3876.87
3923.44
3961.19
3955.42
3882.59
3853.36
3871.73
3921.11
3982.51
3808.59
3670.81
3690.63
3706.29
3716.12
3712.1
3719.9
3762.02
3784.5
3749.61
3699.4
3702.41
3784.45
3770.98
3790.61
3843.28
3971.03
4028.79
4048.27
4048.27
4006.11
3946.65
3829.04
3702.41
3653.95
3710.21
3756.15
3716.32
3726.49
3756.68
3758.62
3758.82
3713.02
3687.24
3652.01
3650.07
3682.05
3690
3652.3
3652.88
3565.22
3565.22
3565.22
3547.33
3590.85
3586.1
3521.02
3490.1
3511.62
3514.48
3310.94
3273.77
3161.59
3154.17
3154.8
3148.02
3140.26
3155.77
3147.05
3147.05
3138.62
3176.12
3189.94
3238.64
3209.32
3186.69
3280.65
3280.65
3319.57
3360.32
3392.21
3432.72
3326.79
3263.45
3256.57
3217.8
3246.93
3222.65
3182.52
3232.24
3188.72
3277.89
3306.24
3537.64
3539.58
3587.07
3656.86
3643.24
3620.61
3664.85
3686.37
3707.25
3753.97
3805.15
3805.15
3776.75
3784.02
3805
3885.11
3947.91
3954.4
3935.02
3941.71
3975
3950.29
3949.8
4014.5
4014.5
4047.84
4047.84
4070.71
4113.55
4152.46
4077.01
4080.4
4146.99
4130.27
4162.64
4094.65
4099.35
4103.47
4108.51
4143.31
4138.56
4212.75
4200.44
4206.93
4171.02
4171.02
4195.74
4180.09
4175.39
4166.03
4166.03
4183.53
4173.98
4154.26
4217.35
4123.63
4156.63
4014.3
3996.95
4088.4
4187.26
4242.6
4219.1
4351.78
4404.9
4388.86
4438.53
4479.33
4349.31
4351.3
4144.61
4180.18
4136.18
4222.88
4287.04
4170.64
4312.63
4343.06
4394.72
4359.25
3962.98
4028.02
4013.53
4117.67
4122.71
4118.83
4080.84
4143.06
4056.66
4079.58
4152.46
4182.51
4311.51
4311.51
4311.51
4318.88
4199.96
4325.76
4357.84
4444.3
4424.67
4515.19
4312.09
4433.2
4344.81
4137.93
3940.88
3755.72
3787.51
3718.64
3718.64
3726.69
3741.18
3687.87
3654.82
3654.97
3699.69
3735.99
3671.39
3692.72
3731.73
3742.63
3792.98
3727.61
3671.05
3835.24
3734.25
3725.67
3739.53
3741.42
3682.54
3594.15
3547.62
3502.85
3536.58
3527.03
3476.97
3506.38
3542.68
3416.49
3454.68
3410.14
3502.51
3495
3495
3328.58
3343.12
3488.5
3171.37
3140.41
3138.08
3142.2
2858.22
2821.68
2851.82
2775.06
2740.7
2530.63
2531.3
2542.84
2522.63
2529.66
2423.04
2432.73
2422.9
2451.15
2425.37
2420.62
2442.43
2418.39
2397.45
2364.89
2360.72
2353.26
2372.35
2322.1
2355.2
2311.58
2315.75
2336.78
2371.67
2420.57
2335.18
2246.35
2245.77
2064.33
2064.33
2064.33
2131.5
2297.04
2349.67
2325.93
2448.34
2587.81
2612.04
2606.66
2683.28
2712.55
2740.65
2853.04
2875.13
2723.64
2794.11
2895.05
2888.27
3016.59
3118.55
3281.53
3125.29
3201.57
3281.09
3346.9
3407.52
3411.64
3401.71
3454.68
3484.58
3492.96
3447.99
3348.6
3308.86
3426.91
3435.92
3616.73
3709.24
3731.49
3670.86
3739.67
3740.4
3599.62
3599.62
3748.64
3721.36
3721.36
3739.34
3414.41
3414.41
3104.01
3111.96
3022.99
2969.2
3012.37
3007.38
3084.53
3079.78
3141.04
3109.05
3121.56
3099.99
3098.59
3086.76
3043.34
3043.34
3080.17
3023.96
3045.23
3047.02
3022.02
3029.77
3060.59
3122.43
3015.23
2999.73
2955.97
2918.41
2951.12
3000.02
3122.09
3078.43
3053.03
3079.2
3010.19
3016.15
3118.75
3161.83
3146.13
3146.13
2923.93
2805.54
2713.81
2714.15
2714.44
2737.07
2713.81
2777.58
2656.09
2656.09
2627.4
2646.93
2665.49
2685.31
2628.52
2625.17
2611.51
2598.57
2596.24
2611.12
2611.12
2641.12
2656.04
2669.85
2675.23
2660.94
2665.35
2666.27
2649.06
2677.66
2679.88
2685.17
2736.78
2814.61
2828.27
2825.27
2752.58
2721.22
2713.81
2762.27
2781.65
2802.98
2797.31
2781.65
2786.5
2749.38
2759.75
2762.32
2782.62
2757.66
2790.38
2797.16
2781.65
2765.22
2810.73
2767.11
2762.27
2773.8
2771.91
2704.12
2718.31
2735.18
2720.45
2770.85
2771.96
2809.76
2704.12
2704.12
2689.58
2734.65
2688.61
2650.37
2697.04
2791.34
2679.98
2719.33
2684.68
2766.39
2889.57
2930.48
2978.65
2956.11
3055.6
3043.34
3043.34
3080.17
3111.67
3139.1
3108.33
3077.26
3085.02
3020.27
3066.36
3088.22
3110.22
3054.34
2908.91
2961.1
3100.67
3212.18
3262.14
3279.35
3236.31
3082.21
3048.04
2990.03
2986.16
2980.34
2981.26
2981.26
3003.6
2891.03
2890.79
2912.64
3019.5
3047.99
3080.7
3083.03
2997.74
3027.49
2869.22
2731.11
2559.31
2591.93
2587.71
2532.47
2532.47
2586.74
2461.13
2237.44
2232.83
2229.1
2220.04
2209.81
2233.12
2235.01
2275.72
2280.42
2280.42
2285.46
2307.95
2320.31
2287.35
2325.15
2308.04
2317.93
2313.38
2311.58
2314.05
2316.23
2323.94
2367.36
2376.33
2384.9
2393.97
2410.44
2359.03
2365.86
2362.71
2386.6
2457.4
2456.14
2416.4
2382.29
2371.67
2345.07
2367.7
2375.79
2398.91
2420.33
2423.04
2414.61
2464.77
2431.23
2424.98
2409.47
2409.47
2409.47
2407.73
2403.66
2401.72
2442.43
2463.75
2457.98
2468.3
2452.55
2434.87
2432.59
2427.89
2480.9
2453.77
2471.36
2530.19
2462.93
2472.33
2501.4
2403.66
2447.32
2417.95
2419.94
2471.5
2541.92
2641.55
2616.4
2646.11
2669.47
2643.93
2627.5
2617.08
2640.83
2594.06
2623.67
2661.71
2661.71
2684.1
2646.93
2665.59
2701.45
2753.21
2699.61
2780.78
2817.85
2855.26
2797.4
2735.23
2848.43
2835.1
2835.1
2856.57
2858.9
2890.79
2849.35
2920.78
2946.18
2938.81
2864.04
2880.56
2902.51
3005.54
3020.56
2995.46
2968.76
2785.58
2769.59
2785.24
2703.53
2607
2555.53
2576.86
2602.83
2599.1
2591.73
2533.97
2556.45
2604.63
2673.05
2634.33
2662.24
2648.92
2556.5
2516.62
2452.02
2346.47
2350.3
2359.51
2346.76
2311
2251.88
2267.29
2267.29
2275.92
2323.36
2323.36
2324.42
2319.63
2326.07
2376.67
2423.62
2395.03
2455.37
2543.47
2422.36
2455.75
2493.6
2471.6
2462.93
2345.65
2373.95
2386.36
2436.22
2418.73
2490.94
2622.02
2550.06
2573.51
2576.03
2532.66
2617.32
2492.73
2374.05
2261.04
2220.23
2277.71
2279.7
2292.15
2316.19
2206.03
2219.41
2207.49
2117.88
2017.04
1967.22
1967.22
1977.98
1990.04
1976.96
2008.22
2008.22
2011.75
2024.4
1929.03
1929.03
1928.06
1938.05
1907.47
1926.46
1934.22
1923.6
1932.91
1931.99
1941.68
1952.39
1978.56
1957.58
1970.08
1927.38
1963.1
1963.1
1956.75
1975.02
1988.98
2040.44
1960.43
1978.66
1978.66
2027.12
2022.61
2035.4
2037.92
2085.12
1985.88
1975.51
1988.83
2014.9
2011.42
2034.53
2064.38
2059.97
2118.51
2128.01
2133.15
2137.7
2112.17
2011.61
2049.12
2030.51
1933.83
1941.83
1927.68
1937.13
1942.8
1887.65
1884.64
1897.78
1902.82
1901.12
1903.4
1930.2
1838.31
1850.82
1865.55
1901.26
1952.44
1957.19
1959.51
1835.55
1811.27
1777.16
1827.75
1822.03
1656.39
1505.82
1409.44
1368.39
1356.9
1364.17
1362.14
1335.68
1363.69
1356.08
1366.98
1359.18
1358.36
1349.63
1368.39
1341.98
1346.24
1321.48
1339.8
1346.58
1354.53
1357.49
1337.18
1346.34
1359.96
1353.37
1344.59
1317.94
1297.25
1303.98
1320.65
1313.97
1306.17
1300.01
1330.15
1364.51
1405.61
1398.58
1390.83
1368.44
1373.91
1415.11
1403.43
1359.81
1308.44
1314.69
1299.82
1306.6
1318.13
1305.68
1251.94
1315.57
1382.93
1371.39
1410.84
1416.85
1370.38
1391.17
1444.52
1425.28
1337.03
1483.97
1553.46
1569.7
1560.25
1558.06
1599.3
1603.08
1551.33
1567.22
1552.78
1510.14
1540.09
1542.61
1614.13
1659.01
1659.01
1632.21
1631.19
1607.54
1607.69
1643.84
1672.72
1655.03
1655.03
1676.36
1633.81
1633.81
1622.37
1636.77
1635.8
1556.37
1523.61
1439.24
1413.8
1433.18
1405.61
1379.39
1352.93
1399.65
1411.08
1547.65
1649.03
1673.3
1701.27
1730
1769.79
1797.17
1821.93
1841.66
1863.37
1869.18
1892.35
1859.44
1855.52
1855.52
1822.81
1824.41
1777.01
1839.28
1848.01
1910.57
1931.89
2071.65
1998.77
2079.94
2089.97
2003.08
1944.64
1866.71
1817.43
1782.05
1748.13
1777.06
1713.58
1787.77
1787.77
1844.37
1847.67
1953.99
1868.36
1868.36
1757.87
1841.66
1953.8
2057.16
2132.28
2120.55
2210.69
2158.79
2170.37
2221.11
2263.99
2190.04
2230.17
2288.47
2338.09
2285.95
2230.31
2278.29
2342.6
2340.27
2190.24
2190.24
2260.12
2274.56
2226.53
2392.41
2378.51
2347.01
2182.87
2096.46
2033.9
2032.79
1815.29
1767.9
1743.04
1741.34
1733.93
1757.63
1759.37
1794.02
1804.63
1812.82
1812.82
1828.43
1734.8
1749.44
1748.13
1775.85
1744.59
1677.52
1692.98
1747.5
1837.15
1695.31
1601.24
1627.07
1631.73
1622.66
1667.3
1660.75
1543.96
1544.3
1517.41
1545.8
1567.81
1506.7
1545.42
1586.41
1614.23
1649.95
1633.62
1596.54
1699.81
1768.19
1739.6
1688.52
1694.77
1675
1672.92
1558.5
1406.82
1406.82
1444.62
1420.87
1424.89
1413.12
1405.36
1375.42
1399.65
1395.67
1404.69
1477.28
1467.73
1453.44
1503.35
1532.38
1494.29
1519.54
1544.88
1396.06
1377.35
1413.07
1392.52
1374.79
1385.98
1389.18
1380.36
1434.44
1376.05
1462.55
1411.81
1455.76
1453.2
1458.67
1465.65
1465.65
1480.43
1459.5
1437.11
1405.95
1359.86
1355.89
1393.54
1395.82
1300.69
1294.83
1312.47
1323.08
1450.82
1388.35
1363.45
1355.93
1354
1323.66
1363.49
1371.34
1390.2
1368.34
1359.33
1362.04
1329.81
1367.13
1407.16
1396.54
1358.75
1382.01
1313.19
1218.64
1198.97
1195
1202.8
1164.03
1141.79
1155.31
1154.19
1165.92
1166.94
1159.81
1115.91
1138.83
1145.81
1148.33
1132.77
1116.39
1124.05
1155.79
1198.19
1222.13
1258.24
1255.18
1253.59
1245.69
1254.75
1262.55
1214.53
1154.34
1157.15
1162.62
1156.28
1144.55
1150.07
1157.73
1141.35
1135.87
1091.77
1012.83
1016.71
1056.35
1077.43
1075.59
979.78
979.78
955.11
964.37
970.72
925.6
916.3
921.73
921.97
977.02
977.02
1033.67
939.7
873.46
873.46
867.55
864.35
863.81
856.5
856.5
852.91
843.7
850.97
828.1
848.06
849.18
864.2
883.93
877.14
872.3
867.01
849.03
862.6
862.6
845.16
845.16
849.66
860.47
880.05
882.96
891.53
872.3
872.44
882.76
857.95
850.54
853.01
848.11
848.79
843.75
840.55
837.55
841.76
843.22
839.54
861.34
861.34
844.28
860.66
859.84
872.3
876.17
872.3
872.3
859.11
858.73
847.19
825.43
837.69
874.43
861.39
836.43
843.12
850.34
848.06
853.1
848.84
853.01
852.91
857.76
855.58
854.95
861.63
864.4
873.22
871.33
881.99
872.3
865.51
863.57
886.98
896.04
905.15
892.79
882.76
856.59
847.77
850
833.57
826.84
830.62
833.53
828.73
843.12
842.93
818.02
816.23
843.22
842.98
838.03
817.05
824.85
822.87
818.99
824.32
821.02
818.02
808.18
799.6
812.11
823.83
815.11
837.4
816.08
793.16
789.67
795.39
814.09
827.71
838.37
833.53
830.62
817.87
824.95
816.08
819.04
804.6
818.99
812.2
843.95
852.91
848.06
842.25
848.06
849.28
861.63
896.53
881.07
882.13
881.99
881.99
884.6
881.99
881.99
881.99
881.99
882.08
888.77
866.48
872.3
876.46
869.97
870.79
872.3
870.55
873.22
858.97
863.57
874.72
881.94
874.33
880.05
872.3
872.3
867.45
874.57
873.36
883.93
895.56
886.49
852.91
851.7
853.06
838.76
834.5
843.41
839.58
825.87
820.78
823.83
837.4
814.05
794.13
841.09
806.68
794.76
787.97
779.25
782.25
814.14
783.03
791.66
787.15
785.07
775.96
756.04
777.51
776.34
800.57
804.6
833.53
827.23
834.5
835.08
848.45
849.95
843.27
844.14
825.39
831.1
765.68
761.76
760.84
755.99
766.75
726.91
733.94
769.9
769.9
780.03
797.57
804.4
788.85
817.15
809.3
804.45
789.28
770.53
763.36
767.96
785.07
769.61
800.67
824.66
831.83
857.47
852.91
846.22
844.14
851.6
840.5
847.77
842.54
836.43
838.71
838.61
838.61
820.68
814.14
809.34
863.57
860.18
865.17
865.85
863.43
859.4
862.65
866.58
861.2
824.66
821.65
814.24
783.95
783.42
782.84
757.39
747.75
739.08
738.98
737.23
733.36
768.44
762.68
743.78
759.58
756.52
776.29
798.63
715.72
711.02
707.38
703.65
705.93
683.88
688
683.1
697.25
702.54
711.41
685.87
681.84
697.35
688.48
650.34
629.17
623.64
615.16
637.7
657.32
662.56
718.24
717.9
753.57
736.27
772.47
753.42
767.47
779.69
771.06
780.22
772.51
712.33
695.07
604.16
603.34
608.81
618.89
607.55
581.82
584.15
583.08
571.35
568.25
583.57
599.75
592.24
601.21
588.51
492.02
469.59
466.48
467.65
470.02
471.91
470.02
468.86
471.04
472.01
469.1
471.33
465.22
464.21
463.29
454.27
449.67
465.22
451.27
453.84
453.98
470.07
469.83
465.22
466.24
468.08
472.01
467.16
467.16
467.16
489.84
483.15
476.9
479.76
477.53
463.58
465.71
467.26
469.05
462.95
468.13
471.52
468.66
471.04
471.38
470.12
484.61
479.76
471.04
479.76
481.36
473.95
469.1
470.12
476.61
474.58
473.95
467.7
476.76
468.47
470.07
480.44
501.52
494.25
490.42
493.04
490.28
513.68
517.66
526.58
533.07
536.95
526.77
529.19
539.85
547.8
537.92
528.22
528.22
531.08
543.88
567.28
638.71
1192.52
1078.74
1090.47
1099.24
1089.06
1045.69
1050.2
1046.75
1054.36
1044.82
1041.96
1039
1036.87
1041.91
1038.18
1040.79
1040.31
1039.24
1041.62
1028.63
1032.89
1020.29
1024.56
980.99
999.46
969.46
927.44
930.45
905.1
905.1
878.21
860.28
860.28
860.28
877.14
848.31
848.31
838.37
842.39
830.86
825.87
832.22
837.89
849.23
850.97
862.85
867.5
878.11
872.3
888.09
888.09
888.09
908.59
908.59
908.59
897.11
909.13
911.06
926.96
926.96
926.96
957.49
959.57
969.22
965.34
956.81
969.22
969.17
967.04
967.42
957.25
957.25
964.42
964.32
965.34
956.33
969.31
972.8
967.67
972.17
954.58
960.49
967.67
951.24
951.24
956.62
955.7
967.52
970.67
965.19
1010.75
1040.45
1037.64
1034.2
1060.32
1071.71
1148.57
1148.57
1129.96
1160.59
1160.59
1184.48
1192.14
1200.08
1221.21
1233.18
1232.36
1231.63
1231.92
1259.98
1259.98
1259.98
1274.37
1283.05
1321.53
1326.23
1341.64
1332.38
1346.48
1366.6
1357
1366.4
1356.9
1359.28
1370.42
1370.42
1366.79
1366.45
1357.78
1358.12
1369.7
1356.9
1371.59
1374.64
1366.6
1397.95
1347.21
1329.18
1259.98
1225.57
1190.2
1167.23
1180.51
1170.38
1172.75
1161.12
1170.33
1171.73
1172.75
1172.56
1181.86
1163.06
1163.06
1204.98
1204.98
1085.52
1085.52
958.56
958.56
1008.03
1008.03
1086.44
1077.87
1077.87
1273.45
1273.45
1273.45
1384.14
1384.53
1368.53
1405.36
1405.36
1435.07
1511.98
1511.98
1461.05
1352.83
1364.51
1350.12
1405.36
1334.85
1374.35
1385.88
1373.19
1356.9
1337.52
1405.36
1429.59
1453.83
1429.59
1429.59
1429.59
1507.13
1501.32
1325.06
1325.06
1356.9
1369.26
1478.06
1557.05
1499.48
1628.28
1768.82
1802.74
1842.97
1803.42
1857.99
1923.9
1997.27
2043.11
2020.91
2100.78
2103.2
2083.57
2117.01
2077.61
2098.35
2083.82
2103.01
2087.55
2047.18
2083.72
2083.72
2074.12
2059.59
2127.43
2132.28
2207.15
2207.15
2241.31
2242.77
2249.07
2242.43
2384.27
2393.97
2412.53
2518.99
2582.96
2553.64
2566.63
2376.52
2446.84
2267.1
2393.87
2289.97
