5800
5788
6050
6043.25
6088
6075.85
6190
6295
6399
6425
6595
6140.1
6100
6160
6159
6274
6220
6189.9
6159.95
6100
6034
6080
6040
6174.75
6180.9
6180.9
6230
6150
6000
6770
6385
5820
5875.75
5919.9
5875
5955
6200
5849
5925
6050
5989
6099
6100
6000
5940
5915
6062.2
6290
6300
6000
5910
6050
6009
6087
6200
5975
6049
5900
6000
6049.8
5630
5640
5685
5269
5280.2
5490
5310
5510
5770
5898
5997
6110
6325
6150
6023.4
6074
6170
6000
5942.15
5519.55
5500
5590
5590
5495
5575
5625.05
5730
5688.75
5600
5519.85
5680
5180
5205
5245
5188.75
5300
5340
5398
5399
5245.3
5320
5075
4502
4350
4450
4150
4275
4152.15
4300
4220
4355
4315
4374
4282
4360
4240
4237
4247
4181
4265
4300
4340
4200
4370
4521
4590
4655
4700
4535
4700
4771
4670
4687
4580
3825
3588
3379
3391
3385
3400
3264
3325
3287.7
3180
3230.1
3290
3227
3255
3439.7
3640
3630
3755
3375
3338
3320
3346
3387.2
3289
3298
3370
3365
3470
3500
3310
3435
3477.1
3500
3511
3351
3630
3405
3430
3250
3423
3220
3161
3200
3260
3349
2989.8
2700
2550
2500
2549
2350.9
2350
2210
2314.95
2236.05
2350
2350
2260
2255.2
2318
2211.25
2233.6
2233.6
2215
2239
2253
2289
2247.7
2160
2121.3
2095
2135
2260
2250
2250.6
2090
2047.55
2100
1900
1991.6
1935
1921.8
1804.05
1800
1641.8
1665.05
1663.15
1679.75
1616
1700
1620
1617.3
1601
1602
1555.1
1550.5
1549.8
1522.35
1537.75
1537.75
1511.95
1503
1586.55
1610
1625
1616.9
1623.5
1600
1612.2
1601.3
1632.5
1621.3
1650
1620
1682.5
1730
1690
1648.25
1618.5
1692
1550
1614.9
1625
1679
1641.95
1649.9
1620.65
1656
1647.8
1619.9
1647.8
1753
1783
1809
1793
1777.9
1825
1800
1864
1811.15
1876.5
1822
1900
2083
2082
2077.5
2010
1981.4
2015.75
1870
1860.05
1936
1910.4
1936
1962
1980
2000
2011
2100
2022
2075
1790
1797
1750
1755.9
1790
1725
1724.9
1743
1660.05
1677.7
1660.05
1703.5
1701
1690
1683.9
1685
1680
1713
1743.7
1883
1986.35
1970
1945.05
1966
2001.75
1965.05
2035
2235
2300
2090
2070
2036.7
2085
2059.95
2001.35
2251
2300
2335
2351
2390
2420
2401
2570
2589
2351
2355
2550.35
2625
2701
2790.05
2975
2931.7
3180
2875
3094
3121.2
3201
3205
3230
3195.95
3150
3150
3320
3245.05
3351.5
3500
3485
3501
3531
3625
3530
3503.2
3593
3553
3570
3505
3510
3440
3433.5
3570
3565
3700
3573
3525
3600
3586.65
3506
3425.4
3480
3487
3380
3381.5
3410
3354.7
3325.6
3355
3465
3425
3400
3391.9
3440
3649
3499.9
3161
3203
3249
3195.2
3212
3230
3262.2
3359
3395
3349
3199.8
3127.4
3122.1
3171
3278
3300
3411.25
3460
3549.3
3530.3
3602
3701.25
3880
3950
3970
4021
3931
3805.65
3850
3948
3834.5
3860
4100
3940
4013.15
3919
4061
4200
3962
4090
4100
4140
4299
4275.6
4233
4207
4216.85
4205
4190
4105
4225
4310
4478.05
4551
4625
4770
4650
4649
4542.95
4651.5
4610
4625
4448
4386
4272
4390
4206.1
4242.5
4210
4050
3975
4018.5
4020
4050
3977
3900
3940
3851
3951
4165
3999
3980
3858
3800
3790
3600
3750
3733.15
3733.15
3901
3900
3906
4133
4175.6
4535
3951
4254
4349
4349
4400
4470
4449
4545
4717
4699.95
4629.7
4589
4425.05
4689.9
4665.1
4750
4650
4350
4301
4294.9
4580
4570
4850
5005
4806
5010
4935
4923.7
4820
5045
5150
4889
4800
5001
4900
5399
6030
6403
6350
6205
6510
6335
6630
6800
6985
7099
7050
7087
7100
7250
7300
7199.9
7045
7060
7097.7
7011.6
7100
6946.9
7195
7179
7150
7500
8010
7649
7340
7425
7275
7575
7450
7205
7205
7199
7118
7449
7700
6770
6810
6610
6919
7440
7200
7499
7300
7689.65
7899
7540
7594.7
7400
6250
7140
7838.85
7799
7800
8438.45
8165.85
7248.65
5751
5525
5290
5274.4
4715
4599
4550
4475
4203
4250
4095.45
4250
3660
3750
3720
3718
3750
3786.9
3780
3756.6
3789
3784.95
3780
3700
3800
3761
3800
3830
3849
3790
3830
3840
3807
3840
3840
3840
3821
3870
3950
3860
4200.1
3825
3850
3810
3790
3835
3761.05
3850
3867
3870
3923
3900
3850
3950
3990
3830
3775
3945
3870
3920
3938
4040.4
3900
4050
4110
4071
4200
4110
4198
4148
4160
4237.9
4201
4206
4253.5
4148
4070
4089.65
4000
4080
4050
4125
4050
3995
3994
4005.2
4100
4000
3756
3846.5
3849
3882
3869
3888
3844.3
3980
3830
3900
3941
3855
4011
3751.15
3951
4100
4180
4200
4176.85
4150
4051
4000
3848
3825
3840
3836
3785
3831.05
3919
3900
3897
3840
3850
3770
3780
3780
3807.2
3817
3770
3695
3678.45
3678.45
3625.05
3700
3770
3590
3522.4
3670
3750
3430
3420
3325
3288.55
3260
3250
3260
3300
3280
3247
3275
3250
3282
3350
3340
3310
3231.55
3384.85
3549.95
3477
3575
3541
3449.8
3150
3343
3336
3350
3350
3257
3316
3100
3405
3577
3550
3710
3739
3600
3741.45
3751
3850
3899
3822
3900
3998
3926
3990
3905
3887
4007
4107
4114
4080
4090
4124
4119
4129
4179
4142
4275
4176.4
4239
4200
4309
4248
4279
4255.55
4275
4215
4232
4230
4280
4329
4299
4125
4350
4360
4345
4329
4303.5
4311
4303
4331
4300
4298.35
4345
4349
4301.5
4370
4270
4370
4190
4169
4257
4367
4397
4420
4520
4599
4559
4561
4625
4491
4440
4305
4320
4349
4419
4430
4260
4430
4500
4508
4605
4050
4180
4180
4210.05
4290
4001
4249
4280
4213
4244
4250
4369
4497.7
4448.45
4448.45
4450
4355.2
4512
4507
4670
4590
4695
4488
4640
4520
4265
4156
3900
3940
3885
3836.75
3879.95
3887
3825
3780
3815
3700
3889
3800
3895.5
3865
3900
3900
3880
3790
3994.4
3805
3846
3890
3848
3799.5
3667
3697
3649.5
3695
3620
3600
3585
3641
3580
3589
3502
3648
3680
3606
3470
3460
3650
3100
3269
3257
3250
2940
2901.05
2940
2860
2899
2657
2601
2613
2605
2575
2510
2500.05
2500
2540
2452.85
2500
2470
2498.8
2474
2475
2440
2428
2460
2439
2440
2310.2
2261
2458
2525
2500.2
2498
2340
2300
2410
2129.9
2129.9
2133.2
2275
2400
2300
2420
2631
2660
2690
2750
2860
2820
2949
2980
2899
2871
3049
3000
3060
3300
3334
3235
3335
3399
3460
3509
3515
3530
3587
3600
3649
3650
3550
3350
3599
3598
3728
3849
3888
3775
3900
3899.3
3850
3713.95
3860
3901
3839.55
3924.5
3650
3522.85
3300
3200
3160
3110
3179
3135
3100
3190
3211
3225
3200
3200
3210
3175
3160
3140
3200
3139
3121
3140
3149
3149
3172
3200
3145
3075
3073.95
3049
3059
3095
3200
3190
3145
3190
3100
3140
3249
3299
3240
3246.05
3120
2900
2805
2800.1
2800
2820
2806
2895.5
2778
2740.45
2750
2735
2734.95
2760
2729
2710
2739.95
2710
2700
2711
2694.05
2744.5
2750.1
2770
2760
2789
2750
2780
2750
2789.95
2808
2770
2845
2911
2905
2977.8
2845
2900
2855
2888
2899.95
2948
2890
2876
2875
2848
2847
2828
2900
2857
2900
2898
2600
2904.8
2898
2880
2880
2831
2852
2811
2819
2840
2860
2890
2910
2900
2800
2790
2790
2775.1
2788
2725
2761
2830
2780
2830
2740
2835
2980
3020
3060
3050.05
3150
3120
3140
3170.05
3235
3280
3210
3190
3224
3169
3170
3209
3239
3199.4
3045
3026
3160
3300
3380
3399
3419.35
3200
3150
2960
3100
3100
3120
3075.95
3100
3000
3019
3000
3126
3160
3162
3180
3144.55
3150
3000
2849.85
2674
2700
2600
2640
2612.9
2550
2588
2305
2375
2325
2300
2285
2388
2315
2330
2345
2352.85
2370
2371
2399
2440
2420
2415
2399
2380
2440
2426
2390
2410
2550
2465
2500
2465
2480
2415
2433
2450
2509.9
2530
2535
2470
2476
2466
2430
2475
2504.9
2500
2532
2507
2531
2549.9
2525
2505
2520
2486
2486
2500
2509.9
2490
2520
2550
2553
2540
2510
2540
2527.95
2555
2549
2531
2574
2620
2570
2558
2540
2500.1
2510.5
2525
2495
2549
2580
2725
2709
2717
2749.5
2730
2730
2700
2740
2705
2700
2715.15
2746.25
2780.35
2735
2763
2828.9
2842
2815
2900
2924
2950
2887
2849
2925
2930
2925.15
2910
2940
2995
2960
2950
3000
3025
2990
3030
2996
3110
3140
3149
3080
2900
2860
2899.95
2850
2695
2650
2640
2699
2650
2450
2630
2689
2710
2755
2750
2760
2750
2698
2620
2550
2445
2430
2449
2410
2400
2345
2335
2339.3
2393
2400
2397.15
2390
2400
2444.9
2460
2500
2480
2533.35
2700
2559.9
2500
2550
2524
2590
2454
2431.1
2460
2545
2550
2470
2705
2655
2688
2697.7
2669.7
2774
2647
2498
2302
2266.85
2355
2360
2400
2400
2309
2300
2285
2236
2025
2050
2029.7
2020
2087
2068.95
2035
2072
2080
2095
2019.95
1990.3
2000
2000
1998.95
1991
2010
1995
2000
1983.1
2030
2035
2028
2049.95
2040
2020
2025.25
2025.45
2011
2060
2072.95
2140
2064
2050
2041.5
2120
2100
2114
2139
2169.9
2047
2099
2069
2100
2095
2091.1
2115
2149.9
2175
2200
2200
2235
2190
2080
2110
2134.4
2005
2001
2013
2008
2025
1955
1950
1962
1950
1975
1964
2000
1910
1889
1951.8
2006
2005
2010
2045
1924.9
1871
1874
1875
2050
1847
1539.4
1469
1419
1411
1415
1423
1407.9
1400
1365
1405
1419.5
1399
1388.05
1430
1389.95
1390
1370
1393
1390
1381
1418.85
1375
1400
1400
1397
1398
1399
1359.85
1378
1375
1384
1335
1369
1375
1400
1450
1440
1435
1440
1439.95
1430
1469
1412
1368
1359
1350
1351
1350
1350
1335
1370
1420
1405.05
1470
1465
1426
1420
1505
1500
1472.9
1510
1575
1580
1620
1583
1625
1633
1687.9
1650
1624.95
1624.9
1565
1575
1680
1750
1711.7
1700
1685
1651
1650
1700
1720
1740
1707.6
1721
1724.9
1685.7
1680
1685
1700
1615
1575
1497.95
1469
1480
1482.95
1431
1410
1466.7
1459
1596
1700
1680
1770
1800
1826
1889.9
1876
1900.05
1919.8
1925
1950
1939
1925
1914.45
1870
1895
1849.7
1891
1900
2035
1980
2075
2070
2160
2150
2060
2039.8
1920
1885
1836.15
1820
1802
1760
1800.1
1844.55
1910
1875
2039.7
1997
1927.7
1855
1940
2039.7
2170
1999
2197
2300
2230
2254
2280
2380
2309.7
2324
2388.7
2455
2379.9
2275
2351
2460
2471.7
2297.7
2259.8
2300
2389.95
2347.7
2499
2499
2497.7
2240
2167
2118
2135
1890
1888.7
1805
1810
1803
1828
1850
1884.7
1870
1899.95
1870.4
1904
1755.05
1810
1750
1780
1813
1770
1757
1820
1909
1750
1699
1680.1
1710
1695
1730
1753.7
1600
1624.9
1590
1580
1650
1574
1575
1650
1687
1719
1699
1679
1750
1848
1800
1735
1775
1725
1750
1639
1475
1451.5
1480
1459
1457
1471
1451
1425
1169
1470
1451
1481.1
1414
1487
1525
1575
1530
1530
1605.5
1490
1422.35
1465
1485
1420
1445
1450
1457
1460
1479.95
1510
1428
1525
1485
1512
1563
1512.2
1529
1519
1480
1455
1434
1400
1440.05
1500
1364
1344.95
1355.25
1348.5
1520
1439.9
1410
1410
1404.9
1395
1405
1400
1448.8
1442
1386.05
1448
1375.05
1425
1453
1450
1425
1466
1388
1268
1298
1230.05
1250
1207.95
1190
1191
1190
1220
1217
1195
1175
1200
1200
1185.05
1180
1145
1130
1200
1235
1290
1300
1300
1285
1280
1295
1321
1279
1222
1183.05
1200
1190
1190
1156
1190.5
1170
1150
1115
1041.25
1091
1075
1070
1115
1024
1010.9
999
1029.9
998
955.1
940.05
974
952
985.25
1008.05
1050
952
912.95
901.2
891.1
895
890
892
883.7
880
885
880
865
860
884
908
915
910
905
903.95
862
877
890
866
872
875.05
890.05
910
920
910
909
900
899
897
893.5
880.05
885.95
880.05
880
884.9
883.2
865
860
880
875
888.7
884
880
888
899
910
890
900
894
880
885
861
842.05
878
904
878
884
885
877
882
886
881.1
880.1
887
888
893
915
892
900
891
900
910
890
905
910
920.05
947
999
924
890
875
860
869.95
854
865
865
848.1
875
865
840
860
865
869.95
857
845
850
850
845
845
875
850.1
846
831.5
845
837.6
845
800.05
800.05
834
817
827
839
840
853.25
850
820
846
843.05
841
824
832.5
850
855
879
879
875
869
885
878
881.05
913
911.05
906.5
906
910
905.05
905
909
910
910
910
903.5
900
890
900
889.5
900
890.05
896
900
890.05
900
897
901
906
905.05
880
900
900
900
915
900
924
902
900
885
889.1
870
875
886
889
860
860
850
864.5
850
830
869
830
835
810
810
799
840
831
835
840
820
781
800
791
820
807
830
841
836
870
860
884
875
867
867
872.5
865
785
800
790
775
795
751
751
785
796.25
790
820
813
815.2
848
845
824
805.1
780
716.7
787
807
810.1
830
840
851.05
863.1
875
870
879
879
855
846
874
870
869
868
852
817
825
825
875.5
880.1
882
889
885
891
884
882
900
895
845
845
817
824
815
800
788.95
761
763
770
746
786
792
784.95
775.05
820
824.9
829
735.4
720.1
730
725
725
725
702.05
710
676
735
734
709.1
705.05
725
709
678
632.15
636.05
631
600
751.9
670
717.5
725
785
768
800
781
792
792
799.7
813
814
730
718
632
640
637.95
620
610
624.4
619.1
608
602
560
610
618.05
624
675
625
558
491
485
480.15
480.05
493.95
481.1
478.05
487
495
480
484
485
480
478.1
474
476.9
483
465
475
480.95
490
480
485
487.5
491
490
470
490
485.2
491
490
491
495
480
482
485
470
480
505
475
460
480
455
490
501.85
501
505
514
491
496
513.95
489.75
481
487
490
485.7
485.05
492.55
490
495
490.1
503
510
515
509
506.5
540
535
545.5
540
552.5
545
567
560
570
550
555
542.05
555
550
575
586.85
659
1120
1120
1145
1139.95
1084
1070.05
1075
1095
1075
1000.1
1077
1070
1065
1055
1062
1065
1057
1085
1077.25
1049
1058
1057
1029.95
1032
1039.95
950
970
932
933.85
908
924.95
887.6
887.6
884
910.1
875.25
860.05
868
857.9
889
855
860
865
875
890
892
909
904
918.95
916.3
916.3
924
937.45
937.45
930
931
935.1
942
956.4
956.4
980.25
990
1001
1000
1000
1011
985
1004
1000
1000
987.65
990
993
990
1060
995.2
1004.9
999.95
1015
1063.65
990.05
1014.85
998.95
981.45
985
980
1000
1005
1014.95
1011
1061.3
1071
1031
1094.95
1060
1130
1185.05
1178
1150
1197.45
1218
1235
1250
1250
1255
1260
1278
1265
1280
1300
1300
1310
1325
1350
1366
1375
1383.5
1350
1410
1410
1405
1391.5
1390
1410
1413.95
1411.05
1410
1405
1400
1425
1412
1414
1437.9
1400
1490
1399
1355
1315
1279.95
1260
1200
1211.1
1210
1230
1198
1190.1
1200
1238
1185
1127
1200
1151.25
1200
1243.25
1245
1120
988
989
970.05
1040.05
1101
1120
1112.1
1125
1313.9
1313.9
1400
1425
1412.5
1340
1450
1465
1545
1560
1580
1407
1415
1382
1435
1431
1400
1400
1429
1400
1450
1450
1500
1501
1575
1475
1475
1549
1565
1474
1367.15
1391
1444
1495
1590
1555
1670
1810
1821
1985
1850
1920
2000
2120
2101
2120
2160
2155
2150
2150
2235
2200
2177
2110
2165
2250
2189
2149.9
2150
2128.95
2176
2230
2294
2277.25
2290
2370
2340
2370
2450
2499
2526
2625
2690
2697.9
2800
2648.15
2526
2399
2280
2435
2298
