5801.2
5760.85
5682.7
6043.25
6043.25
6043.25
6111.35
6174.2
6286.75
6377.2
6406.75
6448.9
6101.35
6086.5
6146.35
6158.35
6220.25
6084.35
6148.9
6134.5
6034
6034
6046.75
6029.35
6180.9
6180.9
6180.9
6199.1
6113.65
6166.8
6625.9
6372.55
5857.5
5856.15
5892.3
5851.6
5912.1
5900.45
5858.7
5874.7
6020.7
6010.1
6075.4
6095.05
5963.5
5878.6
6019.75
6062.2
6184.4
6181.25
5904.2
5903.4
6020.25
6009.15
6039.75
6149.4
5942.9
6016.7
5923.1
6009.1
5985.45
5581.5
5573.7
5553.7
5280.2
5280.2
5372.9
5433.65
5519.35
5757.4
5858.3
5925.45
6100.1
6310.8
6023.4
6023.4
6014.3
6085.45
5942.15
5942.15
5471.1
5474.25
5482.85
5444.4
5442.45
5625.05
5625.05
5739
5643.45
5519.85
5519.85
5683.25
5180.35
5199.3
5188.75
5188.75
5209.75
5289.6
5353.45
5329.65
5283.15
5139.05
4997.8
4457.2
4315.65
4396
4152.2
4244.05
4190.6
4301.2
4280.1
4290.7
4313.5
4324.6
4351.85
4289.2
4299
4184.1
4217.8
4228.75
4267.6
4313.2
4258.45
4248.9
4320.5
4471.05
4646.7
4659.55
4670.8
4620.65
4625.5
4717.9
4560.85
4647.6
4454.9
3821.3
3513.1
3379.05
3392.55
3374.15
3399.65
3252.85
3282.5
3203.5
3119.85
3281.65
3310.45
3245.25
3349.25
3370.95
3608.45
3680.4
3675.55
3381.7
3349.75
3362.05
3298.3
3371.6
3220.35
3316.75
3383.55
3375.65
3468.9
3450
3306.05
3423.55
3502.75
3493.8
3499.95
3459.2
3375.25
3420.55
3422.4
3235.45
3367.6
3163
3151.95
3182.35
3094.15
3276.85
2748.2
2692.25
2536.1
2493.45
2350.9
2350.9
2370
2292.1
2283.45
2255.55
2327.15
2361.3
2253.95
2289.1
2292.5
2233.6
2233.6
2233.6
2181.25
2247.25
2250.2
2239.1
2247.7
2253
2157
2063.7
2083.05
2221.25
2250.6
2250.6
2047.55
2047.55
2049.5
1991.6
1991.6
1921.8
1921.8
1822.3
1772.4
1658.4
1690.55
1663.15
1642.05
1631.9
1684.6
1600
1633.65
1615.9
1601.05
1551.65
1533.25
1535.3
1537.75
1537.75
1537.75
1542.85
1543.6
1602.6
1612.05
1638.6
1648.55
1646.05
1630
1619.7
1632.5
1632.5
1653.4
1664
1659.6
1666.95
1730
1685
1664.9
1668.6
1665.8
1648.8
1631.25
1631.1
1649.7
1650
1695
1682.95
1650.1
1625.75
1647.8
1647.8
1748.4
1800
1793.05
1815
1795.9
1801
1833
1821
1827.15
1835.65
1900
1900
2050
2059
2041.5
2000
2002.45
2009.85
1869
1874.2
1910.4
1910.4
1958
1992.2
1998.95
1997.7
2010
2069
2083.3
1976.95
1810.85
1772.45
1755.9
1755.9
1732.3
1740
1710.9
1705
1684.95
1694.65
1703.5
1703.5
1724.8
1695.35
1718.3
1692.8
1744.55
1739.7
1797.65
1905.4
1970
1970
1984.75
2011.95
2022
2005.95
2105
2141.3
2124.35
2043
2036.7
2036.7
2067
1889.8
2063.25
2263.75
2341.8
2347.55
2335.7
2350
2413.3
2484
2580
2509
2347.75
2550.35
2550.35
2695
2721.1
2861
2931.7
2931.7
3106.5
2940
3041.65
3129.2
3207
3211.85
3275.3
3228.25
3130.5
3241.65
3277.3
3317.25
3405.05
3472
3500.45
3505.8
3535.65
3525
3546.3
3593
3593
3536.75
3559.65
3481.7
3474.95
3463.6
3489.55
3516.1
3590.75
3669.75
3516
3574.25
3586.65
3586.65
3532.7
3374
3425
3384.2
3385.3
3420.1
3344.45
3325.5
3350
3397.05
3404.5
3385.25
3473.9
3391.9
3491.25
3574.9
3335.6
3214.7
3203.05
3153.55
3113.2
3212.3
3252.6
3320
3343.5
3353.6
3262
3262
3159
3153.65
3262.5
3218
3406
3463.45
3534
3479.9
3554.9
3590.05
3765
3876.85
3952
4019
3987.6
3924.3
3844.1
3900
3892.7
3873.25
3960.8
3993
3960.5
4026.5
4026.05
4061.95
4180
4037.05
4043.95
4083.55
4180.75
4275.8
4376.65
4238.9
4216.85
4216.85
4207.4
4130.6
4166.35
4197.5
4345.3
4478.05
4564
4639.1
4716
4606.85
4542.95
4542.95
4634.35
4578.2
4597.75
4381.15
4315.35
4271.6
4266.75
4242.5
4242.5
4207.1
4008.35
4018.5
4018.5
4048.1
4024.55
3960.6
3913.95
3938
3893.85
3920.5
3978.9
3973.6
4096.85
3811.3
3798.05
3726.35
3578
3733.15
3733.15
3733.15
3837.3
3849.5
4109
4052
4253
4375.45
4118.1
4245
4349
4349
4381.6
4529.9
4577.2
4620
4688.7
4662.7
4561.6
4588.05
4650
4635
4662.25
4709
4606.7
4466.4
4250
4253
4496.85
4688.95
4862.35
4964.05
4985
4998.95
4811.45
4861.1
4838.85
5005.35
5050
5000
4640
4953.3
4406.05
5135.25
6127.8
6402.7
6297.3
6308.4
6424.45
6331.9
6630.25
6815.8
6877.5
7003.85
7026.55
7026.45
7086.85
7142.05
7220.65
7056.95
7186.05
7029.25
7011.6
7011.6
6946.9
6946.9
7090.2
7059
7127.35
7534.3
7933.3
7473
7464.25
7318.5
7202.55
7463.05
7396.15
7309.9
7283.25
7068.8
6960.9
7183.6
7377.1
6769.3
6679.9
6592.4
6822.75
7233.65
7285.4
7234.75
7365.9
7622.2
7549.05
7443.3
7804.65
7144.85
6495.35
7007.25
7677.55
7867.25
8028.6
8141.45
7423.5
6748.65
5623.9
5498.35
5183.6
5154.7
4625.4
4628.5
4755.35
4430.8
4467.8
4222.65
4069.4
4278.4
3688.9
3713.85
3721.3
3714.45
3695
3730.25
3756.6
3756.6
3750
3740.75
3730
3749.75
3768.65
3790
3830
3811
3796.1
3777
3803
3828
3820
3815.1
3814.7
3825
3843.2
3865
3876
3908.15
3870.7
3777
3820
3830.8
3785.5
3808.8
3825
3801.25
3862
3900
3900.05
3911.05
3950
3985.2
3950
3791.25
3825
3870
3810
3813.6
3948.2
3965.45
4000.1
4096.9
4094.35
4086.7
4179.6
4138.4
4187.6
4134.75
4146.5
4160.05
4162.8
4199.05
4247.25
4124.25
4028
3960
4000
4048.05
4087
4081.05
4005.9
3975.75
3994.7
4045.65
4109
3929.55
3787.4
3807.85
3824
3834.15
3830
3838.05
3881.5
3904.7
3868.7
3816.9
3820
3904.65
3890.75
3911
3965.35
4097.15
4156.75
4176.85
4176.85
4133.35
4072
3950.65
3820
3770
3828.05
3875.45
3834.35
3844.85
3876
3878
3878.2
3830.95
3804.35
3768
3766
3799
3807.2
3768.3
3768.9
3678.45
3678.45
3678.45
3660
3704.9
3700
3632.85
3600.95
3623.15
3626.1
3416.1
3377.75
3262
3254.35
3255
3248
3240
3256
3247
3247
3238.3
3277
3291.25
3341.5
3311.25
3287.9
3384.85
3384.85
3425
3467.05
3499.95
3541.75
3432.45
3367.1
3360
3320
3350.05
3325
3283.6
3334.9
3290
3382
3411.25
3650
3652
3701
3773
3758.95
3735.6
3781.25
3803.45
3825
3873.2
3926
3926
3896.7
3904.2
3925.85
4008.5
4073.3
4080
4060
4066.9
4101.25
4075.75
4075.25
4142
4142
4176.4
4176.4
4200
4244.2
4284.35
4206.5
4210
4278.7
4261.45
4294.85
4224.7
4229.55
4233.8
4239
4274.9
4270
4346.55
4333.85
4340.55
4303.5
4303.5
4329
4312.85
4308
4298.35
4298.35
4316.4
4306.55
4286.2
4351.3
4254.6
4288.65
4141.8
4123.9
4218.25
4320.25
4377.35
4353.1
4490
4544.8
4528.25
4579.5
4621.6
4487.45
4489.5
4276.25
4312.95
4267.55
4357
4423.2
4303.1
4449.6
4481
4534.3
4497.7
4088.85
4155.95
4141
4248.45
4253.65
4249.65
4210.45
4274.65
4185.5
4209.15
4284.35
4315.35
4448.45
4448.45
4448.45
4456.05
4333.35
4463.15
4496.25
4585.45
4565.2
4658.6
4449.05
4574
4482.8
4269.35
4066.05
3875
3907.8
3836.75
3836.75
3845.05
3860
3805
3770.9
3771.05
3817.2
3854.65
3788
3810
3850.25
3861.5
3913.45
3846
3787.65
3957.05
3852.85
3844
3858.3
3860.25
3799.5
3708.3
3660.3
3614.1
3648.9
3639.05
3587.4
3617.75
3655.2
3525
3564.4
3518.45
3613.75
3606
3606
3434.3
3449.3
3599.3
3272.1
3240.15
3237.75
3242
2949
2911.3
2942.4
2863.2
2827.75
2611
2611.7
2623.6
2602.75
2610
2500
2510
2499.85
2529
2502.4
2497.5
2520
2495.2
2473.6
2440
2435.7
2428
2447.7
2395.85
2430
2385
2389.3
2411
2447
2497.45
2409.35
2317.7
2317.1
2129.9
2129.9
2129.9
2199.2
2370
2424.3
2399.8
2526.1
2670
2695
2689.45
2768.5
2798.7
2827.7
2943.65
2966.45
2810.15
2882.85
2987
2980
3112.4
3217.6
3385.75
3224.55
3303.25
3385.3
3453.2
3515.75
3520
3509.75
3564.4
3595.25
3603.9
3557.5
3454.95
3413.95
3535.75
3545.05
3731.6
3827.05
3850
3787.45
3858.45
3859.2
3713.95
3713.95
3867.7
3839.55
3839.55
3858.1
3522.85
3522.85
3202.6
3210.8
3119
3063.5
3108.05
3102.9
3182.5
3177.6
3240.8
3207.8
3220.7
3198.45
3197
3184.8
3140
3140
3178
3120
3141.95
3143.8
3118
3126
3157.8
3221.6
3111
3095
3049.85
3011.1
3044.85
3095.3
3221.25
3176.2
3150
3177
3105.8
3111.95
3217.8
3262.25
3246.05
3246.05
3016.8
2894.65
2800
2800.35
2800.65
2824
2800
2865.8
2740.45
2740.45
2710.85
2731
2750.15
2770.6
2712
2708.55
2694.45
2681.1
2678.7
2694.05
2694.05
2725
2740.4
2754.65
2760.2
2745.45
2750
2750.95
2733.2
2762.7
2765
2770.45
2823.7
2904
2918.1
2915
2840
2807.65
2800
2850
2870
2892
2886.15
2870
2875
2836.7
2847.4
2850.05
2871
2845.25
2879
2886
2870
2853.05
2900
2855
2850
2861.9
2859.95
2790
2804.65
2822.05
2806.85
2858.85
2860
2899
2790
2790
2775
2821.5
2774
2734.55
2782.7
2880
2765.1
2805.7
2769.95
2854.25
2981.35
3023.55
3073.25
3050
3152.65
3140
3140
3178
3210.5
3238.8
3207.05
3175
3183
3116.2
3163.75
3186.3
3209
3151.35
3001.3
3055.15
3199.15
3314.2
3365.75
3383.5
3339.1
3180.1
3144.85
3085
3081
3075
3075.95
3075.95
3099
2982.85
2982.6
3005.15
3115.4
3144.8
3178.55
3180.95
3092.95
3123.65
2960.35
2817.85
2640.6
2674.25
2669.9
2612.9
2612.9
2668.9
2539.3
2308.5
2303.75
2299.9
2290.55
2280
2304.05
2306
2348
2352.85
2352.85
2358.05
2381.25
2394
2360
2399
2381.35
2391.55
2386.85
2385
2387.55
2389.8
2397.75
2442.55
2451.8
2460.65
2470
2487
2433.95
2441
2437.75
2462.4
2535.45
2534.15
2493.15
2457.95
2447
2419.55
2442.9
2451.25
2475.1
2497.2
2500
2491.3
2543.05
2508.45
2502
2486
2486
2486
2484.2
2480
2478
2520
2542
2536.05
2546.7
2530.45
2512.2
2509.85
2505
2559.7
2531.7
2549.85
2610.55
2541.15
2550.85
2580.85
2480
2525.05
2494.75
2496.8
2550
2622.65
2725.45
2699.5
2730.15
2754.25
2727.9
2710.95
2700.2
2724.7
2676.45
2707
2746.25
2746.25
2769.35
2731
2750.25
2787.25
2840.65
2785.35
2869.1
2907.35
2945.95
2886.25
2822.1
2938.9
2925.15
2925.15
2947.3
2949.7
2982.6
2939.85
3013.55
3039.75
3032.15
2955
2972.05
2994.7
3101
3116.5
3090.6
3063.05
2874.05
2857.55
2873.7
2789.4
2689.8
2636.7
2658.7
2685.5
2681.65
2674.05
2614.45
2637.65
2687.35
2757.95
2718
2746.8
2733.05
2637.7
2596.55
2529.9
2421
2424.95
2434.45
2421.3
2384.4
2323.4
2339.3
2339.3
2348.2
2397.15
2397.15
2398.25
2393.3
2399.95
2452.15
2500.6
2471.1
2533.35
2624.25
2499.3
2533.75
2572.8
2550.1
2541.15
2420.15
2449.35
2462.15
2513.6
2495.55
2570.05
2705.3
2631.05
2655.25
2657.85
2613.1
2700.45
2571.9
2449.45
2332.85
2290.75
2350.05
2352.1
2364.95
2389.75
2276.1
2289.9
2277.6
2185.15
2081.1
2029.7
2029.7
2040.8
2053.25
2039.75
2072
2072
2075.65
2088.7
1990.3
1990.3
1989.3
1999.6
1968.05
1987.65
1995.65
1984.7
1994.3
1993.35
2003.35
2014.4
2041.4
2019.75
2032.65
1988.6
2025.45
2025.45
2018.9
2037.75
2052.15
2105.25
2022.7
2041.5
2041.5
2091.5
2086.85
2100.05
2102.65
2151.35
2048.95
2038.25
2052
2078.9
2075.3
2099.15
2129.95
2125.4
2185.8
2195.6
2200.9
2205.6
2179.25
2075.5
2114.2
2095
1995.25
2003.5
1988.9
1998.65
2004.5
1947.6
1944.5
1958.05
1963.25
1961.5
1963.85
1991.5
1896.7
1909.6
1924.8
1961.65
2014.45
2019.35
2021.75
1893.85
1868.8
1833.6
1885.8
1879.9
1709
1553.65
1454.2
1411.85
1400
1407.5
1405.4
1378.1
1407
1399.15
1410.4
1402.35
1401.5
1392.5
1411.85
1384.6
1389
1363.45
1382.35
1389.35
1397.55
1400.6
1379.65
1389.1
1403.15
1396.35
1387.3
1359.8
1338.45
1345.4
1362.6
1355.7
1347.65
1341.3
1372.4
1407.85
1450.25
1443
1435
1411.9
1417.55
1460.05
1448
1403
1350
1356.45
1341.1
1348.1
1360
1347.15
1291.7
1357.35
1426.85
1414.95
1455.65
1461.85
1413.9
1435.35
1490.4
1470.55
1379.5
1531.1
1602.8
1619.55
1609.8
1607.55
1650.1
1654
1600.6
1617
1602.1
1558.1
1589
1591.6
1665.4
1711.7
1711.7
1684.05
1683
1658.6
1658.75
1696.05
1725.85
1707.6
1707.6
1729.6
1685.7
1685.7
1673.9
1688.75
1687.75
1605.8
1572
1484.95
1458.7
1478.7
1450.25
1423.2
1395.9
1444.1
1455.9
1596.8
1701.4
1726.45
1755.3
1784.95
1826
1854.25
1879.8
1900.15
1922.55
1928.55
1952.45
1918.5
1914.45
1914.45
1880.7
1882.35
1833.45
1897.7
1906.7
1971.25
1993.25
2137.45
2062.25
2146
2156.35
2066.7
2006.4
1926
1875.15
1838.65
1803.65
1833.5
1768
1844.55
1844.55
1902.95
1906.35
2016.05
1927.7
1927.7
1813.7
1900.15
2015.85
2122.5
2200
2187.9
2280.9
2227.35
2239.3
2291.65
2335.9
2259.6
2301
2361.15
2412.35
2358.55
2301.15
2350.65
2417
2414.6
2259.8
2259.8
2331.9
2346.8
2297.25
2468.4
2454.05
2421.55
2252.2
2163.05
2098.5
2097.35
1872.95
1824.05
1798.4
1796.65
1789
1813.45
1815.25
1851
1861.95
1870.4
1870.4
1886.5
1789.9
1805
1803.65
1832.25
1800
1730.8
1746.75
1803
1895.5
1749.15
1652.1
1678.75
1683.55
1674.2
1720.25
1713.5
1593
1593.35
1565.6
1594.9
1617.6
1554.55
1594.5
1636.8
1665.5
1702.35
1685.5
1647.25
1753.8
1824.35
1794.85
1742.15
1748.6
1728.2
1726.05
1608
1451.5
1451.5
1490.5
1466
1470.15
1458
1450
1419.1
1444.1
1440
1449.3
1524.2
1514.35
1499.6
1551.1
1581.05
1541.75
1567.8
1593.95
1440.4
1421.1
1457.95
1436.75
1418.45
1430
1433.3
1424.2
1480
1419.75
1509
1456.65
1502
1499.35
1505
1512.2
1512.2
1527.45
1505.85
1482.75
1450.6
1403.05
1398.95
1437.8
1440.15
1342
1335.95
1354.15
1365.1
1496.9
1432.45
1406.75
1399
1397
1365.7
1406.8
1414.9
1434.35
1411.8
1402.5
1405.3
1372.05
1410.55
1451.85
1440.9
1401.9
1425.9
1354.9
1257.35
1237.05
1232.95
1241
1201
1178.05
1192
1190.85
1202.95
1204
1196.65
1151.35
1175
1182.2
1184.8
1168.75
1151.85
1159.75
1192.5
1236.25
1260.95
1298.2
1295.05
1293.4
1285.25
1294.6
1302.65
1253.1
1191
1193.9
1199.55
1193
1180.9
1186.6
1194.5
1177.6
1171.95
1126.45
1045
1049
1089.9
1111.65
1109.75
1010.9
1010.9
985.45
995
1001.55
955
945.4
951
951.25
1008.05
1008.05
1066.5
969.55
901.2
901.2
895.1
891.8
891.25
883.7
883.7
880
870.5
878
854.4
875
876.15
891.65
912
905
900
894.55
876
890
890
872
872
876.65
887.8
908
911
919.85
900
900.15
910.8
885.2
877.55
880.1
875.05
875.75
870.55
867.25
864.15
868.5
870
866.2
888.7
888.7
871.1
888
887.15
900
904
900
900
886.4
886
874.1
851.65
864.3
902.2
888.75
863
869.9
877.35
875
880.2
875.8
880.1
880
885
882.75
882.1
889
891.85
900.95
899
910
900
893
891
915.15
924.5
933.9
921.15
910.8
883.8
874.7
877
860.05
853.1
857
860
855.05
869.9
869.7
844
842.15
870
869.75
864.65
843
851.05
849
845
850.5
847.1
844
833.85
825
837.9
850
841
864
842
818.35
814.75
820.65
839.95
854
865
860
857
843.85
851.15
842
845.05
830.15
845
838
870.75
880
875
869
875
876.25
889
925
909.05
910.15
910
910
912.7
910
910
910
910
910.1
917
894
900
904.3
897.6
898.45
900
898.2
900.95
886.25
891
902.5
909.95
902.1
908
900
900
895
902.35
901.1
912
924
914.65
880
878.75
880.15
865.4
861
870.2
866.25
852.1
846.85
850
864
839.9
819.35
867.8
832.3
820
813
804
807.1
840
807.9
816.8
812.15
810
800.6
780.05
802.2
801
826
830.15
860
853.5
861
861.6
875.4
876.95
870.05
870.95
851.6
857.5
790
785.95
785
780
791.1
750
757.25
794.35
794.35
804.8
822.9
829.95
813.9
843.1
835
830
814.35
795
787.6
792.35
810
794.05
826.1
850.85
858.25
884.7
880
873.1
870.95
878.65
867.2
874.7
869.3
863
865.35
865.25
865.25
846.75
840
835.05
891
887.5
892.65
893.35
890.85
886.7
890.05
894.1
888.55
850.85
847.75
840.1
808.85
808.3
807.7
781.45
771.5
762.55
762.45
760.65
756.65
792.85
786.9
767.4
783.7
780.55
800.95
824
738.45
733.6
729.85
726
728.35
705.6
709.85
704.8
719.4
724.85
734
707.65
703.5
719.5
710.35
671
649.15
643.45
634.7
657.95
678.2
683.6
741.05
740.7
777.5
759.65
797
777.35
791.85
804.45
795.55
805
797.05
734.95
717.15
623.35
622.5
628.15
638.55
626.85
600.3
602.7
601.6
589.5
586.3
602.1
618.8
611.05
620.3
607.2
507.65
484.5
481.3
482.5
484.95
486.9
484.95
483.75
486
487
484
486.3
480
478.95
478
468.7
463.95
480
465.6
468.25
468.4
485
484.75
480
481.05
482.95
487
482
482
482
505.4
498.5
492.05
495
492.7
478.3
480.5
482.1
483.95
477.65
483
486.5
483.55
486
486.35
485.05
500
495
486
495
496.65
489
484
485.05
491.75
489.65
489
482.55
491.9
483.35
485
495.7
517.45
509.95
506
508.7
505.85
530
534.1
543.3
550
554
543.5
546
557
565.2
555
545
545
547.95
561.15
585.3
659
1230.4
1113
1125.1
1134.15
1123.65
1078.9
1083.55
1080
1087.85
1078
1075.05
1072
1069.8
1075
1071.15
1073.85
1073.35
1072.25
1074.7
1061.3
1065.7
1052.7
1057.1
1012.15
1031.2
1000.25
956.9
960
933.85
933.85
906.1
887.6
887.6
887.6
905
875.25
875.25
865
869.15
857.25
852.1
858.65
864.5
876.2
878
890.25
895.05
906
900
916.3
916.3
916.3
937.45
937.45
937.45
925.6
938
940
956.4
956.4
956.4
987.9
990.05
1000
996
987.2
1000
999.95
997.75
998.15
987.65
987.65
995.05
994.95
996
986.7
1000.1
1003.7
998.4
1003.05
984.9
991
998.4
981.45
981.45
987
986.05
998.25
1001.5
995.85
1042.85
1073.5
1070.6
1067.05
1094
1105.75
1185.05
1185.05
1165.85
1197.45
1197.45
1222.1
1230
1238.2
1260
1272.35
1271.5
1270.75
1271.05
1300
1300
1300
1314.85
1323.8
1363.5
1368.35
1384.25
1374.7
1389.25
1410
1400.1
1409.8
1400
1402.45
1413.95
1413.95
1410.2
1409.85
1400.9
1401.25
1413.2
1400
1415.15
1418.3
1410
1442.35
1390
1371.4
1300
1264.5
1228
1204.3
1218
1207.55
1210
1198
1207.5
1208.95
1210
1209.8
1219.4
1200
1200
1243.25
1243.25
1120
1120
989
989
1040.05
1040.05
1120.95
1112.1
1112.1
1313.9
1313.9
1313.9
1428.1
1428.5
1412
1450
1450
1480.65
1560
1560
1507.45
1395.8
1407.85
1393
1450
1377.25
1418
1429.9
1416.8
1400
1380
1450
1475
1500
1475
1475
1475
1555
1549
1367.15
1367.15
1400
1412.75
1525
1606.5
1547.1
1680
1825
1860
1901.5
1860.7
1917
1985
2060.7
2108
2085.1
2167.5
2170
2149.75
2184.25
2143.6
2165
2150
2169.8
2153.85
2112.2
2149.9
2149.9
2140
2125
2195
2200
2277.25
2277.25
2312.5
2314
2320.5
2313.65
2460
2470
2489.15
2599
2665
2634.75
2648.15
2452
2524.55
2339.1
2469.9
2362.7
