5800	5848	5700	5801.2	8300	5712.2
5788	5909	5691	5760.85	18300	5672.47
6050	6104.9	5600	5682.7	9200	5595.52
6043.25	6043.25	6043.25	6043.25	0	5950.54
6088	6124	6020.05	6043.25	2900	5950.54
6075.85	6150	6005	6043.25	8000	5950.54
6190	6240	6085	6111.35	5300	6017.59
6295	6347.85	6154.05	6174.2	5800	6079.48
6399	6451	6240	6286.75	6800	6190.3
6425	6490	6330	6377.2	13000	6279.37
6595	6595	6375	6406.75	23900	6308.46
6140.1	6480	6140	6448.9	49200	6349.96
6100	6135	6051.1	6101.35	4500	6007.75
6160	6194.4	6070	6086.5	6200	5993.12
6159	6256	6122	6146.35	7100	6052.06
6274	6288.9	6140	6158.35	8600	6063.87
6220	6362.2	6200	6220.25	26900	6124.82
6189.9	6194	6050	6084.35	6500	5991.01
6159.95	6250	6130	6148.9	9200	6054.57
6100	6210.05	6031.15	6134.5	11100	6040.39
6034	6034	6034	6034	0	5941.43
6080	6137	6008	6034	6600	5941.43
6040	6164	6022	6046.75	12900	5953.98
6174.75	6200	5992	6029.35	11500	5936.85
6180.9	6180.9	6180.9	6180.9	0	6086.08
6180.9	6180.9	6180.9	6180.9	0	6086.08
6230	6299	6120	6180.9	16500	6086.08
6150	6299	6090	6199.1	27300	6104
6000	6299	5900.5	6113.65	70700	6019.86
6770	6899	6105	6166.8	129300	6072.19
6385	6720	6236	6625.9	100100	6524.25
5820	6440	5820	6372.55	57700	6274.79
5875.75	5910	5810	5857.5	4400	5767.64
5919.9	5942.9	5830.1	5856.15	3400	5766.31
5875	6020	5845	5892.3	6200	5801.9
5955	5974	5830	5851.6	4800	5761.83
6200	6200	5893.1	5912.1	4000	5821.4
5849	6049	5831.1	5900.45	8900	5809.93
5925	5964.95	5825	5858.7	7300	5768.82
6050	6115	5861	5874.7	6000	5784.57
5989	6085	5985	6020.7	4400	5928.33
6099	6099	5990	6010.1	3300	5917.9
6100	6175	6050	6075.4	8400	5982.19
6000	6138	5960	6095.05	9700	6001.54
5940	6010	5925	5963.5	4500	5872.01
5915	5935	5770	5878.6	8400	5788.41
6062.2	6146.95	6000	6019.75	6200	5927.4
6290	6290	6045	6062.2	7000	5969.2
6300	6329.85	6161.55	6184.4	19100	6089.52
6000	6325	6000	6181.25	31300	6086.42
5910	5980	5840	5904.2	6100	5813.62
6050	6080	5890	5903.4	4300	5812.83
6009	6099	6009	6020.25	4600	5927.89
6087	6144.4	5970	6009.15	6800	5916.96
6200	6200	6018	6039.75	8300	5947.09
5975	6218	5900	6149.4	22800	6055.06
6049	6125	5921.35	5942.9	7800	5851.73
5900	6147.7	5900	6016.7	11600	5924.4
6000	6200	5900	5923.1	13600	5832.23
6049.8	6173.7	5691	6009.1	25700	5916.91
5630	6100	5590	5985.45	32400	5893.63
5640	5670	5520	5581.5	14900	5495.87
5685	5799	5430	5573.7	18900	5485.24
5269	5715	5190	5553.7	18800	5465.56
5280.2	5280.2	5280.2	5280.2	0	5196.4
5490	5512	5184	5280.2	5200	5196.4
5310	5499	5301	5372.9	6200	5287.62
5510	5565	5354.1	5433.65	6500	5347.41
5770	5799	5501	5519.35	6300	5431.75
5898	5924	5740.1	5757.4	5500	5666.02
5997	6049	5830	5858.3	7700	5765.32
6110	6155	5900	5925.45	9000	5831.4
6325	6325	6070	6100.1	14700	6003.28
6150	6375	6000	6310.8	35700	6210.64
6023.4	6023.4	6023.4	6023.4	0	5927.8
6074	6149	6000	6023.4	8000	5927.8
6170	6170	5933	6014.3	18000	5918.84
6000	6260	6000	6085.45	39600	5988.87
5942.15	5942.15	5942.15	5942.15	0	5847.84
5519.55	6038	5511.5	5942.15	42600	5847.84
5500	5620	5440	5471.1	10000	5384.27
5590	5640	5455	5474.25	6300	5387.37
5590	5720	5445.05	5482.85	11400	5395.83
5495	5625	5415	5444.4	6700	5357.99
5575	5660	5420	5442.45	5600	5356.07
5625.05	5625.05	5625.05	5625.05	0	5535.77
5730	5749	5611.25	5625.05	6600	5535.77
5688.75	5825	5670	5739	13500	5647.91
5600	5925	5515	5643.45	29100	5553.88
5519.85	5519.85	5519.85	5519.85	0	5432.24
5680	5825	5451	5519.85	25300	5432.24
5180	5794	5160	5683.25	45700	5593.05
5205	5285	5170	5180.35	2100	5098.13
5245	5325	5150	5199.3	3100	5116.78
5188.75	5188.75	5188.75	5188.75	0	5106.4
5300	5300	5180	5188.75	2800	5106.4
5340	5379	5185.1	5209.75	5200	5127.06
5398	5420	5251	5289.6	3700	5205.65
5399	5470	5300	5353.45	7800	5268.48
5245.3	5529	5171.05	5329.65	19300	5245.06
5320	5350	5072	5283.15	22000	5199.3
5075	5405	5075	5139.05	35400	5057.49
4502	5198.6	4482.7	4997.8	41300	4918.48
4350	4490	4335.35	4457.2	17300	4386.46
4450	4485	4280.05	4315.65	6400	4247.15
4150	4485	4150	4396	13500	4326.23
4275	4288.9	4138	4152.2	2600	4086.3
4152.15	4289	4152.15	4244.05	3900	4176.69
4300	4328.5	4150	4190.6	2500	4124.09
4220	4410	4220	4301.2	3800	4232.93
4355	4355	4251	4280.1	3000	4212.17
4315	4352	4271.05	4290.7	1100	4222.6
4374	4374	4255	4313.5	2200	4245.04
4282	4370	4255	4324.6	1200	4255.96
4360	4495	4292	4351.85	5700	4282.78
4240	4387	4240	4289.2	2400	4221.12
4237	4424.95	4100	4299	6500	4230.77
4247	4265	4170.1	4184.1	1100	4117.69
4181	4270	4181	4217.8	2200	4150.86
4265	4338	4219	4228.75	2900	4161.63
4300	4360	4250	4267.6	1600	4199.87
4340	4385	4285	4313.2	3800	4244.74
4200	4320	4185	4258.45	4200	4190.86
4370	4370	4210	4248.9	3700	4181.46
4521	4573.95	4300	4320.5	3500	4251.93
4590	4634	4415	4471.05	2800	4400.09
4655	4847.7	4625	4646.7	6300	4572.95
4700	4722.95	4612	4659.55	2200	4582.64
4535	4890	4535	4670.8	8400	4593.71
4700	4700	4600	4620.65	3500	4544.39
4771	4850	4600	4625.5	6700	4549.16
4670	4923	4670	4717.9	14800	4640.03
4687	4687	4331.25	4560.85	11800	4485.57
4580	4947.7	4475.05	4647.6	35200	4570.89
3825	4585.55	3731.1	4454.9	61700	4381.37
3588	3865	3536.5	3821.3	11700	3758.23
3379	3571	3379	3513.1	4800	3455.12
3391	3485	3369	3379.05	1500	3323.28
3385	3445	3320.05	3392.55	2200	3336.56
3400	3445	3365	3374.15	1400	3318.46
3264	3500	3264	3399.65	5000	3343.54
3325	3371	3235	3252.85	2200	3199.16
3287.7	3319.95	3222	3282.5	3900	3228.32
3180	3232.75	3170	3203.5	1200	3150.63
3230.1	3255	3105	3119.85	1700	3068.36
3290	3450	3250	3281.65	3000	3227.49
3227	3350	3212	3310.45	2600	3255.81
3255	3325	3222	3245.25	1900	3191.69
3439.7	3439.7	3301	3349.25	1900	3293.97
3640	3669.9	3333	3370.95	4200	3315.31
3630	3675	3562	3608.45	2700	3548.89
3755	3980.4	3601	3680.4	23400	3619.65
3375	3750	3315	3675.55	5900	3614.89
3338	3400	3300	3381.7	1300	3325.88
3320	3395	3320	3349.75	800	3294.46
3346	3410	3301.05	3362.05	2100	3306.56
3387.2	3439.95	3268	3298.3	1300	3243.86
3289	3439	3262	3371.6	2200	3315.95
3298	3310	3202	3220.35	2400	3167.2
3370	3468	3303	3316.75	1500	3262.01
3365	3551	3301	3383.55	6500	3327.7
3470	3550	3301	3375.65	4000	3319.93
3500	3825	3415	3468.9	17600	3411.65
3310	3455.55	3222.15	3450	3500	3393.06
3435	3450	3301	3306.05	800	3251.48
3477.1	3548.5	3403	3423.55	2900	3367.04
3500	3550	3420.05	3502.75	1500	3444.94
3511	3650	3454.8	3493.8	3100	3436.13
3351	3599.9	3350	3499.95	4500	3442.18
3630	3650	3405.05	3459.2	7000	3402.11
3405	3485	3350.55	3375.25	1600	3319.54
3430	3500	3371.05	3420.55	3700	3364.09
3250	3475	3240	3422.4	5900	3365.91
3423	3439.7	3170	3235.45	2700	3182.05
3220	3400	3210	3367.6	3400	3312.02
3161	3239.9	3115.2	3163	1800	3110.79
3200	3220.05	3116.2	3151.95	1100	3099.93
3260	3260	3140.05	3182.35	1700	3129.83
3349	3490	3070	3094.15	7600	3043.08
2989.8	3318	2825	3276.85	9900	3222.77
2700	2850	2700	2748.2	2100	2702.84
2550	2788	2540	2692.25	4700	2647.81
2500	2559	2431	2536.1	3600	2494.24
2549	2600	2400	2493.45	4300	2452.3
2350.9	2350.9	2350.9	2350.9	0	2312.1
2350	2425	2340.25	2350.9	1100	2312.1
2210	2474.8	2210	2370	1200	2330.88
2314.95	2337.8	2290	2292.1	900	2254.27
2236.05	2299	2201.4	2283.45	1000	2245.76
2350	2370	2255	2255.55	800	2218.32
2350	2384.45	2311	2327.15	600	2288.74
2260	2384	2260	2361.3	2000	2322.33
2255.2	2385	2229	2253.95	2600	2216.75
2318	2330	2280	2289.1	500	2251.32
2211.25	2350	2211.25	2292.5	1500	2254.66
2233.6	2233.6	2233.6	2233.6	0	2196.73
2233.6	2233.6	2233.6	2233.6	0	2196.73
2215	2325	2151	2233.6	3100	2196.73
2239	2295	2162	2181.25	900	2145.25
2253	2320	2223	2247.25	1000	2210.16
2289	2300	2250	2250.2	1100	2213.06
2247.7	2270	2160.3	2239.1	4600	2202.14
2160	2359	2160	2247.7	2600	2210.6
2121.3	2335	2121.3	2253	3900	2215.81
2095	2245	2055	2157	1700	2121.4
2135	2187	2050	2063.7	1400	2029.64
2260	2280	2050	2083.05	1800	2048.67
2250	2289	2205	2221.25	1900	2184.59
2250.6	2250.6	2250.6	2250.6	0	2213.45
2090	2344	2090	2250.6	8100	2213.45
2047.55	2047.55	2047.55	2047.55	0	2013.76
2100	2107.9	2040.15	2047.55	900	2013.76
1900	2078	1900	2049.5	1100	2015.67
1991.6	1991.6	1991.6	1991.6	0	1958.73
1935	2050	1920	1991.6	2000	1958.73
1921.8	1921.8	1921.8	1921.8	0	1890.08
1804.05	1970	1804.05	1921.8	1400	1890.08
1800	1860	1765	1822.3	2100	1792.22
1641.8	1841	1641.8	1772.4	2100	1743.15
1665.05	1700	1641.5	1658.4	400	1631.03
1663.15	1710	1656.3	1690.55	800	1662.65
1679.75	1690	1653.5	1663.15	500	1635.7
1616	1677.9	1616	1642.05	800	1614.95
1700	1735	1620	1631.9	2000	1604.97
1620	1729.95	1613.25	1684.6	2400	1656.8
1617.3	1632.7	1590	1600	300	1573.59
1601	1700	1601	1633.65	1000	1606.69
1602	1644	1602	1615.9	500	1589.23
1555.1	1617.95	1551.05	1601.05	800	1574.62
1550.5	1564.75	1535.05	1551.65	200	1526.04
1549.8	1550	1515	1533.25	500	1507.94
1522.35	1549.95	1522.35	1535.3	400	1509.96
1537.75	1537.75	1537.75	1537.75	0	1512.37
1537.75	1537.75	1537.75	1537.75	0	1512.37
1511.95	1550	1511.95	1537.75	17300	1512.37
1503	1550	1501	1542.85	600	1517.39
1586.55	1630.5	1535.3	1543.6	1200	1504.35
1610	1650	1580.1	1602.6	700	1561.85
1625	1630	1600	1612.05	600	1571.06
1616.9	1652	1616.7	1638.6	300	1596.94
1623.5	1650	1623.05	1648.55	400	1606.64
1600	1650	1600	1646.05	200	1604.2
1612.2	1650	1612.2	1630	300	1588.56
1601.3	1630	1601.3	1619.7	400	1578.52
1632.5	1632.5	1632.5	1632.5	0	1590.99
1621.3	1657.9	1621.3	1632.5	300	1590.99
1650	1689.9	1645	1653.4	200	1611.36
1620	1682.8	1620	1664	600	1621.69
1682.5	1682.9	1630.05	1659.6	300	1617.4
1730	1730	1662	1666.95	600	1624.57
1690	1743.8	1680.85	1730	600	1686.01
1648.25	1730	1648.25	1685	400	1642.16
1618.5	1669	1618.5	1664.9	300	1622.57
1692	1692	1641.55	1668.6	400	1626.18
1550	1700	1550	1665.8	500	1623.45
1614.9	1690	1614.9	1648.8	500	1606.88
1625	1640	1610	1631.25	700	1589.78
1679	1679	1622	1631.1	400	1589.63
1641.95	1669.75	1641.95	1649.7	700	1607.76
1649.9	1672.7	1611	1650	500	1608.05
1620.65	1697.9	1620.65	1695	500	1651.9
1656	1685	1656	1682.95	500	1640.16
1647.8	1665	1632.15	1650.1	600	1608.15
1619.9	1639.5	1610.6	1625.75	1300	1584.42
1647.8	1647.8	1647.8	1647.8	0	1605.9
1753	1793	1552	1647.8	7800	1605.9
1783	1808.8	1740	1748.4	500	1703.95
1809	1809	1785	1800	300	1754.23
1793	1809.7	1792	1793.05	200	1747.46
1777.9	1825	1777.9	1815	300	1768.85
1825	1836.5	1785	1795.9	600	1750.24
1800	1860	1771.15	1801	600	1755.21
1864	1865	1811	1833	800	1786.4
1811.15	1856.9	1811.15	1821	800	1774.7
1876.5	1876.5	1801.6	1827.15	600	1780.69
1822	1915	1800	1835.65	1000	1788.98
1900	1900	1900	1900	0	1851.69
2083	2083	1882	1900	1000	1851.69
2082	2082.7	2025	2050	600	1997.88
2077.5	2077.5	2035.1	2059	600	2006.65
2010	2094.9	2010	2041.5	1000	1989.59
1981.4	2020	1981.4	2000	500	1949.15
2015.75	2089.9	1980.15	2002.45	800	1951.54
1870	2101	1870	2009.85	600	1958.75
1860.05	1882.8	1852.5	1869	400	1821.48
1936	1936	1860	1874.2	700	1826.55
1910.4	1910.4	1910.4	1910.4	0	1861.83
1936	1944.95	1890	1910.4	1100	1861.83
1962	1997.65	1920	1958	900	1908.22
1980	2040	1980	1992.2	1000	1941.55
2000	2039	1962	1998.95	1600	1948.13
2011	2049	1960	1997.7	1000	1946.91
2100	2125	2000	2010	1600	1958.9
2022	2100	2021.3	2069	800	2016.4
2075	2149	2050	2083.3	2700	2030.33
1790	2038	1736	1976.95	2400	1926.69
1797	1830	1760	1810.85	1400	1764.81
1750	1794	1750	1772.45	700	1727.39
1755.9	1755.9	1755.9	1755.9	0	1711.26
1790	1794.45	1750	1755.9	800	1711.26
1725	1794	1713.7	1732.3	700	1688.26
1724.9	1759	1701.8	1740	900	1695.76
1743	1743	1681	1710.9	600	1667.4
1660.05	1725	1651.1	1705	800	1661.65
1677.7	1769	1677.7	1684.95	800	1642.11
1660.05	1710.85	1660.05	1694.65	400	1651.56
1703.5	1703.5	1703.5	1703.5	0	1660.19
1701	1711	1650.6	1703.5	500	1660.19
1690	1735	1678.4	1724.8	15500	1680.95
1683.9	1710	1666	1695.35	600	1652.25
1685	1731	1655.05	1718.3	1900	1674.61
1680	1777	1680	1692.8	1500	1649.76
1713	1797	1703	1744.55	700	1700.19
1743.7	1794	1730.3	1739.7	1300	1695.47
1883	1900	1788.1	1797.65	1700	1751.94
1986.35	2001	1890.15	1905.4	800	1856.96
1970	1970	1970	1970	0	1919.91
1945.05	2000	1945.05	1970	600	1919.91
1966	2065	1966	1984.75	800	1934.29
2001.75	2080	1993	2011.95	2000	1960.8
1965.05	2080	1965.05	2022	1200	1970.59
2035	2064	1980	2005.95	1100	1954.95
2235	2240	2020	2105	2100	2048.56
2300	2320	2100	2141.3	1800	2083.88
2090	2159	2073.05	2124.35	1500	2067.39
2070	2100.05	2010	2043	1000	1988.22
2036.7	2036.7	2036.7	2036.7	0	1982.09
2085	2100	2009.15	2036.7	800	1982.09
2059.95	2088	1940	2067	500	2011.58
2001.35	2050	1790	1889.8	2400	1839.13
2251	2263	2010	2063.25	2000	2007.93
2300	2312	2250.6	2263.75	300	2203.05
2335	2387.75	2310	2341.8	400	2279.01
2351	2439	2335.2	2347.55	8800	2284.6
2390	2431.95	2325	2335.7	1200	2273.07
2420	2503.8	2350	2350	800	2286.99
2401	2427.8	2320	2413.3	1100	2348.59
2570	2570	2470	2484	700	2417.39
2589	2667	2575	2580	1300	2510.82
2351	2509	2351	2509	1400	2441.72
2355	2448	2300	2347.75	2200	2284.8
2550.35	2550.35	2550.35	2550.35	0	2481.97
2625	2625	2480	2550.35	1400	2481.97
2701	2809.1	2670	2695	1300	2622.74
2790.05	2802	2685	2721.1	1100	2648.14
2975	2975	2849	2861	1200	2784.29
2931.7	2931.7	2931.7	2931.7	0	2853.09
3180	3188	2915	2931.7	2100	2853.09
2875	3189.9	2750	3106.5	3100	3023.2
3094	3095	2901	2940	1300	2861.17
3121.2	3130	3024.1	3041.65	1100	2960.09
3201	3220.95	3115	3129.2	1200	3045.29
3205	3236	3200	3207	300	3121.01
3230	3279.95	3210	3211.85	700	3125.73
3195.95	3350	3195.95	3275.3	900	3187.48
3150	3250	3150	3228.25	700	3141.69
3150	3160	3000	3130.5	1200	3046.56
3320	3350	3220	3241.65	900	3154.73
3245.05	3320	3100	3277.3	800	3189.42
3351.5	3445	3305	3317.25	700	3228.3
3500	3500	3405	3405.05	300	3313.75
3485	3511	3460	3472	400	3378.9
3501	3550	3494.95	3500.45	300	3406.59
3531	3572.7	3500	3505.8	300	3411.8
3625	3625	3526	3535.65	600	3440.85
3530	3570	3501.1	3525	600	3430.48
3503.2	3590	3503.2	3546.3	500	3451.21
3593	3593	3593	3593	0	3496.66
3553	3614	3542	3593	900	3496.66
3570	3595	3520	3536.75	900	3441.92
3505	3575	3493	3559.65	1100	3464.2
3510	3520	3461	3481.7	700	3388.34
3440	3525	3440	3474.95	900	3381.77
3433.5	3525	3433.5	3463.6	900	3370.73
3570	3627.9	3475	3489.55	1300	3395.98
3565	3579.95	3505	3516.1	1300	3421.82
3700	3715	3560	3590.75	2700	3494.47
3573	3730	3530	3669.75	5900	3571.35
3525	3582.85	3479.05	3516	1100	3421.72
3600	3650	3561	3574.25	1300	3478.41
3586.65	3586.65	3586.65	3586.65	0	3490.48
3506	3640	3501	3586.65	4000	3490.48
3425.4	3669	3425.4	3532.7	8000	3437.97
3480	3483	3367	3374	1400	3283.53
3487	3559.8	3350	3425	3000	3333.16
3380	3421	3380	3384.2	800	3293.46
3381.5	3439	3375.05	3385.3	700	3291.61
3410	3450	3395	3420.1	1400	3325.44
3354.7	3395.95	3320	3344.45	1500	3251.89
3325.6	3450	3300	3325.5	1300	3233.46
3355	3385	3330	3350	700	3257.28
3465	3465	3353	3397.05	400	3303.03
3425	3467	3375	3404.5	700	3310.28
3400	3459.95	3375	3385.25	400	3291.56
3391.9	3499	3323	3473.9	600	3377.75
3440	3465	3351.05	3391.9	600	3298.02
3649	3751	3460.1	3491.25	4000	3394.62
3499.9	3660	3410	3574.9	2200	3475.96
3161	3434	3161	3335.6	1400	3243.28
3203	3260	3155	3214.7	400	3125.73
3249	3250	3147.1	3203.05	800	3114.4
3195.2	3232	3140	3153.55	300	3066.27
3212	3229.8	3090	3113.2	700	3027.04
3230	3260	3200	3212.3	400	3123.4
3262.2	3286	3231	3252.6	300	3162.58
3359	3360	3281.05	3320	500	3228.11
3395	3395	3310.05	3343.5	400	3250.96
3349	3398	3310	3353.6	1000	3260.78
3199.8	3298.95	3151	3262	1200	3171.72
3127.4	3300	3127.4	3262	700	3171.72
3122.1	3248	3085	3159	1700	3071.57
3171	3218.65	3125	3153.65	900	3066.37
3278	3300	3050	3262.5	1800	3172.21
3300	3469	3190	3218	1100	3128.94
3411.25	3469.9	3377	3406	900	3311.73
3460	3500	3412	3463.45	1300	3367.59
3549.3	3594	3485	3534	400	3436.19
3530.3	3530.3	3460	3479.9	1200	3383.59
3602	3669.95	3525	3554.9	700	3456.51
3701.25	3701.25	3500	3590.05	1600	3490.69
3880	3900	3757	3765	1200	3660.8
3950	3974	3861	3876.85	700	3769.55
3970	4060	3940	3952	1000	3842.62
4021	4025	3968.25	4019	400	3907.77
3931	4120	3930	3987.6	1700	3877.24
3805.65	3973.95	3805.65	3924.3	800	3815.69
3850	3890	3802	3844.1	800	3737.71
3948	3954	3878.55	3900	300	3792.06
3834.5	3930	3834.5	3892.7	700	3784.96
3860	3920	3750	3873.25	1100	3766.05
4100	4100	3910	3960.8	1000	3851.18
3940	4000	3910	3993	800	3882.49
4013.15	4050	3940	3960.5	900	3850.89
3919	4035	3919	4026.5	600	3915.06
4061	4148	4000	4026.05	600	3914.62
4200	4200	4035	4061.95	1200	3949.53
3962	4180	3962	4180	900	4064.31
4090	4090	4000	4037.05	700	3925.32
4100	4150	4030	4043.95	700	3932.03
4140	4198	4075	4083.55	800	3970.53
4299	4300	4160.6	4180.75	1100	4065.04
4275.6	4347.95	4253	4275.8	800	4157.46
4233	4420	4222	4376.65	2300	4255.52
4207	4250	4145	4238.9	600	4121.58
4216.85	4216.85	4216.85	4216.85	0	4100.14
4205	4243	4203.05	4216.85	600	4100.14
4190	4245	4181	4207.4	700	4090.95
4105	4219	4105	4130.6	1200	4016.28
4225	4300	4154	4166.35	1400	4051.04
4310	4311	4180	4197.5	1600	4081.33
4478.05	4499.95	4311	4345.3	900	4225.04
4551	4580	4465.75	4478.05	700	4354.11
4625	4669.95	4551.55	4564	800	4437.68
4770	4770	4612	4639.1	1500	4510.71
4650	4740	4625	4716	2600	4585.48
4649	4850	4524	4606.85	3800	4479.35
4542.95	4542.95	4542.95	4542.95	0	4417.22
4651.5	4699.95	4521	4542.95	1300	4417.22
4610	4800	4555.25	4634.35	2400	4506.09
4625	4678.4	4540	4578.2	2000	4451.49
4448	4700	4400	4597.75	9900	4470.5
4386	4449	4301	4381.15	1400	4259.9
4272	4390	4255	4315.35	1000	4195.92
4390	4399	4210	4271.6	800	4153.38
4206.1	4335	4206.05	4266.75	1200	4148.66
4242.5	4242.5	4242.5	4242.5	0	4125.08
4210	4300	4201.05	4242.5	800	4125.08
4050	4350	4042	4207.1	1800	4090.66
3975	4049	3900	4008.35	1300	3897.41
4018.5	4018.5	4018.5	4018.5	0	3907.28
4020	4084	4001.05	4018.5	600	3907.28
4050	4150	4000	4048.1	1200	3936.06
3977	4100	3940	4024.55	1000	3913.16
3900	3997	3900	3960.6	700	3850.98
3940	3970	3881.05	3913.95	400	3805.63
3851	3945	3843	3938	900	3829.01
3951	3973.95	3880	3893.85	800	3786.08
4165	4169	3901	3920.5	1200	3811.99
3999	4060	3825	3978.9	1800	3868.78
3980	4148.45	3951	3973.6	3300	3863.63
3858	4220	3830.05	4096.85	2100	3983.46
3800	3835	3723	3811.3	1500	3705.82
3790	3900	3770	3798.05	2200	3692.93
3600	3800	3550	3726.35	3000	3623.22
3750	3750	3500	3578	2200	3478.97
3733.15	3733.15	3733.15	3733.15	0	3629.83
3733.15	3733.15	3733.15	3733.15	0	3629.83
3901	3950	3701	3733.15	1500	3629.83
3900	3950	3808	3837.3	1300	3731.1
3906	3997.9	3810	3849.5	1700	3742.96
4133	4133	4000	4109	1900	3995.28
4175.6	4220	4052	4052	1500	3939.86
4535	4589.9	4251	4253	2200	4135.29
3951	4443	3951	4375.45	2200	4254.35
4254	4254	4000	4118.1	2100	4004.13
4349	4349	4156	4245	1300	4127.51
4349	4349	4349	4349	0	4228.64
4400	4410	4305	4349	800	4228.64
4470	4470	4300	4381.6	2100	4246.72
4449	4559.9	4415.1	4529.9	900	4390.46
4545	4643.9	4540	4577.2	1000	4436.3
4717	4717	4606.05	4620	400	4477.78
4699.95	4749	4675	4688.7	1400	4544.37
4629.7	4749.95	4601	4662.7	900	4519.17
4589	4594	4492	4561.6	700	4421.18
4425.05	4603	4425.05	4588.05	600	4446.82
4689.9	4725	4600	4650	700	4506.86
4665.1	4670	4581.5	4635	500	4492.32
4750	4825	4610	4662.25	1300	4518.73
4650	4824.45	4600	4709	2100	4564.04
4350	4623.95	4311	4606.7	2500	4464.89
4301	4525	4301	4466.4	2100	4328.91
4294.9	4400	4186	4250	2400	4119.17
4580	4580	4100	4253	5500	4122.08
4570	4786	4445	4496.85	1700	4358.42
4850	4860	4615.2	4688.95	1700	4544.61
5005	5063.95	4850	4862.35	1500	4712.67
4806	4999	4780	4964.05	1600	4811.24
5010	5080	4911	4985	1600	4831.55
4935	5160	4851	4998.95	3400	4845.07
4923.7	4990	4751	4811.45	1700	4663.34
4820	5100	4750	4861.1	2400	4711.46
5045	5058	4750	4838.85	1400	4689.9
5150	5199	4990	5005.35	1000	4851.27
4889	5050	4705	5050	1600	4894.55
4800	5094	4750	5000	2400	4846.08
5001	5300	4500	4640	4000	4497.17
4900	5160	4500	4953.3	4300	4800.82
5399	5399	4108.25	4406.05	3000	4270.42
6030	6099.7	4905	5135.25	5200	4977.17
6403	6403	6100	6127.8	2400	5939.17
6350	6489	6250	6402.7	2100	6205.61
6205	6331	6150	6297.3	1400	6103.45
6510	6549	6283	6308.4	2700	6114.21
6335	6525	6335	6424.45	2000	6226.69
6630	6678.9	6290	6331.9	4400	6136.98
6800	6900	6610	6630.25	2300	6426.15
6985	6985	6800	6815.8	1700	6605.99
7099	7125	6851	6877.5	3000	6665.79
7050	7150	6825	7003.85	3900	6788.25
7087	7270	7002	7026.55	4600	6810.25
7100	7145	7000	7026.45	3300	6810.15
7250	7250	7051	7086.85	2900	6868.69
7300	7300	7101	7142.05	2200	6922.2
7199.9	7400	7100	7220.65	7200	6998.38
7045	7210	7030	7056.95	3200	6839.72
7060	7400	6980	7186.05	10900	6964.84
7097.7	7140	7010	7029.25	3000	6812.87
7011.6	7011.6	7011.6	7011.6	0	6795.76
7100	7200	6955	7011.6	3400	6795.76
6946.9	6946.9	6946.9	6946.9	0	6733.05
7195	7199.7	6881	6946.9	2900	6733.05
7179	7339	7060	7090.2	3700	6871.94
7150	7305	7000	7059	5600	6841.7
7500	7595	7050	7127.35	10500	6907.95
8010	8299.5	7460.05	7534.3	44900	7302.37
7649	8220.3	7390	7933.3	33100	7689.09
7340	7650	7301	7473	7100	7242.96
7425	7700	7325.05	7464.25	10700	7234.48
7275	7470	7150	7318.5	2400	7093.21
7575	7590	7150.05	7202.55	4500	6980.83
7450	7650	7357	7463.05	9400	7233.31
7205	7600	6700	7396.15	9500	7168.47
7205	7500	7200	7309.9	8100	7084.88
7199	7500	7100	7283.25	5900	7059.05
7118	7188	7000	7068.8	3100	6851.2
7449	7471	6911	6960.9	5500	6746.62
7700	7739.4	7120	7183.6	15800	6962.47
6770	7446.2	6650	7377.1	15600	7150.01
6810	6945	6735	6769.3	2700	6560.92
6610	6850	6591	6679.9	5900	6474.27
6919	6919	6300	6592.4	9800	6389.47
7440	7440	6702.2	6822.75	7900	6612.72
7200	7750	7190	7233.65	9100	7010.98
7499	7500	7235	7285.4	5000	7061.13
7300	7529	7200	7234.75	4800	7012.04
7689.65	7700	7300.1	7365.9	8100	7139.15
7899	7950	7558	7622.2	13500	7387.57
7540	7949	7410	7549.05	20000	7316.67
7594.7	7697.7	7250	7443.3	21700	7214.17
7400	7859.3	7400	7804.65	32500	7564.4
6250	7144.85	6055	7144.85	12400	6924.91
7140	7149	6399	6495.35	17900	6295.4
7838.85	7900	6975	7007.25	18600	6791.55
7799	8198	7640	7677.55	25000	7441.21
7800	8580	7650	7867.25	40900	7625.07
8438.45	8955.55	7605.35	8028.6	84400	7781.45
8165.85	8165.85	7610	8141.45	95500	7890.83
7248.65	7423.5	7120	7423.5	7300	7194.98
5751	6748.65	5751	6748.65	40800	6540.91
5525	5700	5425	5623.9	18000	5450.78
5290	5590	5201.05	5498.35	21600	5329.09
5274.4	5440.9	5052	5183.6	18800	5024.03
4715	5335	4715	5154.7	20100	4996.02
4599	4899.95	4599	4625.4	4700	4483.02
4550	4980	4500	4628.5	7400	4486.02
4475	5190	4460	4755.35	25100	4608.97
4203	4500	4100	4430.8	4900	4294.41
4250	4600	4239.9	4467.8	15600	4330.27
4095.45	4244.4	4076	4222.65	5600	4092.66
4250	4294.7	4045	4069.4	10300	3944.13
3660	4426.65	3650.5	4278.4	46900	4146.7
3750	3750	3670.05	3688.9	1600	3575.34
3720	3750	3700	3713.85	900	3599.53
3718	3775	3710.05	3721.3	1600	3606.75
3750	3760	3710	3714.45	700	3600.11
3786.9	3786.9	3685	3695	1000	3581.26
3780	3800	3635	3730.25	1600	3615.42
3756.6	3756.6	3756.6	3756.6	0	3640.96
3789	3850	3750	3756.6	3000	3640.96
3784.95	3784.95	3725	3750	400	3634.56
3780	3800	3725	3740.75	700	3625.6
3700	3775	3700	3730	700	3615.18
3800	3800	3745.05	3749.75	800	3634.32
3761	3800	3761	3768.65	700	3652.64
3800	3805	3770	3790	1000	3673.33
3830	3830	3801	3830	700	3712.1
3849	3859	3810	3811	600	3693.69
3790	3999.85	3785	3796.1	600	3679.24
3830	3830	3751.1	3777	500	3660.73
3840	3840	3800.15	3803	600	3685.93
3807	3865.8	3800	3828	700	3710.16
3840	3849	3815.5	3820	600	3702.41
3840	3840	3812	3815.1	600	3697.66
3840	3864	3800	3814.7	6900	3697.27
3821	3845	3810	3825	300	3707.25
3870	3875	3830	3843.2	200	3724.89
3950	3950	3865	3865	400	3746.02
3860	3934.9	3860	3876	500	3756.68
4200.1	4200.1	3876.05	3908.15	1000	3787.84
3825	3887.4	3800	3870.7	800	3751.55
3850	3880	3765	3777	600	3660.73
3810	3829	3800	3820	100	3702.41
3790	3850	3780	3830.8	500	3712.88
3835	3835	3775	3785.5	400	3668.97
3761.05	3830	3761.05	3808.8	200	3691.55
3850	3875	3720	3825	800	3707.25
3867	3881.45	3785.15	3801.25	400	3684.24
3870	3925	3833.15	3862	400	3743.12
3923	3929	3899.95	3900	2900	3779.95
3900	3930	3870	3900.05	1100	3779.99
3850	3975	3800	3911.05	2400	3790.66
3950	3950	3950	3950	0	3828.41
3990	4010	3915	3985.2	600	3862.52
3830	3999	3830	3950	600	3828.41
3775	3835	3775	3791.25	500	3674.54
3945	3945	3825	3825	400	3707.25
3870	3909	3825	3870	500	3750.87
3920	3920	3810	3810	300	3692.72
3938	3938	3800	3813.6	1000	3696.21
4040.4	4048	3920.1	3948.2	300	3826.66
3900	4015	3900	3965.45	200	3843.38
4050	4119.95	4000	4000.1	800	3876.96
4110	4165	4077	4096.9	600	3970.78
4071	4138	4070	4094.35	700	3968.31
4200	4200	3950	4086.7	2800	3960.9
4110	4374.45	4110	4179.6	7900	4050.94
4198	4199	4090	4138.4	900	4011.01
4148	4249	4145	4187.6	3600	4058.69
4160	4160	4051	4134.75	300	4007.47
4237.9	4237.9	4131	4146.5	300	4018.86
4201	4225	4150	4160.05	800	4031.99
4206	4239	4150	4162.8	800	4034.66
4253.5	4349.95	4155.05	4199.05	2000	4069.79
4148	4290	4107	4247.25	3000	4116.51
4070	4300	3981	4124.25	3400	3997.29
4089.65	4089.65	3977	4028	400	3904.01
4000	4012.8	3950	3960	300	3838.1
4080	4080	4000	4000	500	3876.87
4050	4100	4011.25	4048.05	500	3923.44
4125	4125	4050	4087	900	3961.19
4050	4135	4050	4081.05	1400	3955.42
3995	4010	3950	4005.9	900	3882.59
3994	4055	3964	3975.75	300	3853.36
4005.2	4097.9	3975	3994.7	500	3871.73
4100	4130	4035	4045.65	1100	3921.11
4000	4120	3975	4109	1900	3982.51
3756	4040	3756	3929.55	800	3808.59
3846.5	3846.5	3780	3787.4	200	3670.81
3849	3849	3803.05	3807.85	300	3690.63
3882	3882	3814.1	3824	500	3706.29
3869	3882	3826.05	3834.15	300	3716.12
3888	3888	3830	3830	100	3712.1
3844.3	3890	3830	3838.05	200	3719.9
3980	3980	3855.15	3881.5	200	3762.02
3830	3960	3830	3904.7	900	3784.5
3900	3919	3852.1	3868.7	600	3749.61
3941	3941	3715.1	3816.9	300	3699.4
3855	3910	3820	3820	700	3702.41
4011	4045	3864.4	3904.65	300	3784.45
3751.15	3945	3751.15	3890.75	200	3770.98
3951	3970	3900	3911	300	3790.61
4100	4199	3950	3965.35	800	3843.28
4180	4180	4000	4097.15	600	3971.03
4200	4263	4149	4156.75	1000	4028.79
4176.85	4176.85	4176.85	4176.85	0	4048.27
4150	4230	4125	4176.85	43700	4048.27
4051	4150	3962.25	4133.35	2000	4006.11
4000	4141	3900	4072	1700	3946.65
3848	4030	3821	3950.65	1900	3829.04
3825	3825	3765	3820	20500	3702.41
3840	3890	3760	3770	400	3653.95
3836	3930	3811	3828.05	600	3710.21
3785	3924	3785	3875.45	700	3756.15
3831.05	3870	3830.35	3834.35	300	3716.32
3919	3923	3836	3844.85	300	3726.49
3900	3923	3809	3876	1600	3756.68
3897	3920	3830	3878	1000	3758.62
3840	3914	3816	3878.2	800	3758.82
3850	3860	3790	3830.95	500	3713.02
3770	3819	3770	3804.35	700	3687.24
3780	3800	3767.55	3768	600	3652.01
3780	3801	3750	3766	400	3650.07
3807.2	3836	3761	3799	1600	3682.05
3817	3820	3750	3807.2	600	3690
3770	3797.5	3640	3768.3	1900	3652.3
3695	3835	3691	3768.9	1000	3652.88
3678.45	3678.45	3678.45	3678.45	0	3565.22
3678.45	3678.45	3678.45	3678.45	0	3565.22
3625.05	3689.95	3625.05	3678.45	200	3565.22
3700	3700	3655.3	3660	400	3547.33
3770	3800	3695	3704.9	1800	3590.85
3590	3700	3590	3700	1400	3586.1
3522.4	3672.95	3522.4	3632.85	1100	3521.02
3670	3718.8	3587	3600.95	2500	3490.1
3750	3865	3605	3623.15	3800	3511.62
3430	3649	3430	3626.1	8900	3514.48
3420	3475	3357	3416.1	2000	3310.94
3325	3449	3280	3377.75	1300	3273.77
3288.55	3300	3250	3262	1400	3161.59
3260	3267.95	3236	3254.35	500	3154.17
3250	3259	3240	3255	200	3154.8
3260	3284.95	3237	3248	200	3148.02
3300	3300	3240	3240	600	3140.26
3280	3300	3246	3256	1300	3155.77
3247	3247	3247	3247	0	3147.05
3275	3300	3224.05	3247	600	3147.05
3250	3297.95	3225	3238.3	800	3138.62
3282	3299	3270	3277	100	3176.12
3350	3350	3275	3291.25	300	3189.94
3340	3388	3330	3341.5	300	3238.64
3310	3389.95	3282	3311.25	200	3209.32
3231.55	3370	3145	3287.9	900	3186.69
3384.85	3384.85	3384.85	3384.85	0	3280.65
3549.95	3549.95	3370	3384.85	500	3280.65
3477	3515	3400	3425	10800	3319.57
3575	3575	3400	3467.05	1000	3360.32
3541	3600	3425	3499.95	25800	3392.21
3449.8	3600	3449.8	3541.75	600	3432.72
3150	3450	3150	3432.45	1600	3326.79
3343	3385	3341	3367.1	400	3263.45
3336	3384.5	3336	3360	1000	3256.57
3350	3374	3302	3320	400	3217.8
3350	3392.5	3349	3350.05	700	3246.93
3257	3360	3257	3325	500	3222.65
3316	3377	3265.15	3283.6	600	3182.52
3100	3380	3100	3334.9	1300	3232.24
3405	3450	3285	3290	900	3188.72
3577	3577	3333.05	3382	1500	3277.89
3550	3644	3400	3411.25	1700	3306.24
3710	3724.8	3650	3650	400	3537.64
3739	3740	3632.05	3652	700	3539.58
3600	3765	3600	3701	1400	3587.07
3741.45	3799.85	3675	3773	900	3656.86
3751	3821	3725	3758.95	500	3643.24
3850	3850	3725	3735.6	400	3620.61
3899	3899	3760.05	3781.25	200	3664.85
3822	3899.85	3800	3803.45	1600	3686.37
3900	3900	3801	3825	700	3707.25
3998	3998	3825	3873.2	700	3753.97
3926	3926	3926	3926	0	3805.15
3990	3990	3870	3926	400	3805.15
3905	3920	3870	3896.7	1100	3776.75
3887	3980	3870	3904.2	700	3784.02
4007	4007	3915	3925.85	1400	3805
4107	4110	4000	4008.5	400	3885.11
4114	4115	4025	4073.3	500	3947.91
4080	4149	4050	4080	300	3954.4
4090	4125	4055	4060	600	3935.02
4124	4133	4022.25	4066.9	700	3941.71
4119	4120	4080	4101.25	3300	3975
4129	4150	4050	4075.75	800	3950.29
4179	4209.5	4066.05	4075.25	1100	3949.8
4142	4142	4142	4142	0	4014.5
4275	4275	4105	4142	2000	4014.5
4176.4	4176.4	4176.4	4176.4	0	4047.84
4239	4425	4110	4176.4	8300	4047.84
4200	4290	4146	4200	1000	4070.71
4309	4340	4231.05	4244.2	400	4113.55
4248	4300	4216	4284.35	600	4152.46
4279	4279	4200	4206.5	800	4077.01
4255.55	4325	4210	4210	6600	4080.4
4275	4320	4265.1	4278.7	700	4146.99
4215	4300	4215	4261.45	300	4130.27
4232	4350	4202	4294.85	2400	4162.64
4230	4300	4215	4224.7	600	4094.65
4280	4280	4219	4229.55	300	4099.35
4329	4329	4212.1	4233.8	300	4103.47
4299	4300	4239	4239	700	4108.51
4125	4335	4125	4274.9	800	4143.31
4350	4353.9	4270	4270	300	4138.56
4360	4360	4312	4346.55	600	4212.75
4345	4350	4300	4333.85	1600	4200.44
4329	4350	4326.35	4340.55	1000	4206.93
4303.5	4303.5	4303.5	4303.5	0	4171.02
4311	4334	4275	4303.5	700	4171.02
4303	4340	4272	4329	600	4195.74
4331	4355	4300	4312.85	1800	4180.09
4300	4349	4215.1	4308	1100	4175.39
4298.35	4298.35	4298.35	4298.35	0	4166.03
4345	4350	4290.05	4298.35	1100	4166.03
4349	4383	4301	4316.4	1300	4183.53
4301.5	4495	4290	4306.55	8100	4173.98
4370	4370	4200	4286.2	1300	4154.26
4270	4373.95	4225	4351.3	2800	4217.35
4370	4383	4250	4254.6	900	4123.63
4190	4415	4178	4288.65	2800	4156.63
4169	4169	3960	4141.8	1800	4014.3
4257	4320	3950	4123.9	2800	3996.95
4367	4400	4165.5	4218.25	1600	4088.4
4397	4407	4303	4320.25	1700	4187.26
4420	4468	4360	4377.35	1000	4242.6
4520	4520	4250	4353.1	2000	4219.1
4599	4599	4490	4490	3100	4351.78
4559	4610	4495.2	4544.8	3400	4404.9
4561	4645	4491.05	4528.25	3000	4388.86
4625	4670	4475	4579.5	2700	4438.53
4491	4720	4480	4621.6	15300	4479.33
4440	4549	4360.05	4487.45	4000	4349.31
4305	4620	4290	4489.5	7100	4351.3
4320	4349.95	4260	4276.25	1900	4144.61
4349	4398	4290	4312.95	1100	4180.18
4419	4440	4226.1	4267.55	2000	4136.18
4430	4560	4351.25	4357	5500	4222.88
4260	4520	4126	4423.2	3200	4287.04
4430	4459	4285	4303.1	1200	4170.64
4500	4530	4441.1	4449.6	1200	4312.63
4508	4565	4453	4481	1800	4343.06
4605	4785	4502	4534.3	6000	4394.72
4050	4497.7	3795	4497.7	4800	4359.25
4180	4208	4052.6	4088.85	800	3962.98
4180	4214.8	4145	4155.95	1300	4028.02
4210.05	4245	4100	4141	600	4013.53
4290	4299	4200	4248.45	900	4117.67
4001	4270	4001	4253.65	1200	4122.71
4249	4284.95	4185.6	4249.65	6700	4118.83
4280	4299.8	4190	4210.45	900	4080.84
4213	4335	4200	4274.65	7200	4143.06
4244	4274.9	4170	4185.5	1500	4056.66
4250	4310	4200.1	4209.15	2200	4079.58
4369	4409	4276	4284.35	1400	4152.46
4497.7	4550	4275	4315.35	4500	4182.51
4448.45	4448.45	4448.45	4448.45	0	4311.51
4448.45	4448.45	4448.45	4448.45	0	4311.51
4450	4469	4425	4448.45	1000	4311.51
4355.2	4548	4355.2	4456.05	2600	4318.88
4512	4518	4255	4333.35	2100	4199.96
4507	4542	4455	4463.15	1900	4325.76
4670	4670	4475.05	4496.25	1800	4357.84
4590	4675	4576	4585.45	4200	4444.3
4695	4725	4550	4565.2	4700	4424.67
4488	4685	4488	4658.6	11500	4515.19
4640	4688.7	4400	4449.05	5500	4312.09
4520	4770	4520	4574	13800	4433.2
4265	4482.8	4175.05	4482.8	23800	4344.81
4156	4269.35	4075.5	4269.35	15300	4137.93
3900	4066.05	3870	4066.05	5800	3940.88
3940	3949	3856.05	3875	900	3755.72
3885	3960	3845	3907.8	1500	3787.51
3836.75	3836.75	3836.75	3836.75	0	3718.64
3879.95	3898	3800	3836.75	700	3718.64
3887	3887	3800.15	3845.05	500	3726.69
3825	3899.9	3825	3860	1200	3741.18
3780	3874.8	3775	3805	1900	3687.87
3815	3838	3751	3770.9	1000	3654.82
3700	3895	3700	3771.05	1000	3654.97
3889	3895	3813	3817.2	800	3699.69
3800	3910	3800	3854.65	2800	3735.99
3895.5	3940	3788	3788	1500	3671.39
3865	3945	3800	3810	900	3692.72
3900	3900	3792	3850.25	1300	3731.73
3900	3970	3860	3861.5	900	3742.63
3880	3938	3880	3913.45	1800	3792.98
3790	3874.7	3775	3846	1700	3727.61
3994.4	4029	3760	3787.65	2300	3671.05
3805	4044	3805	3957.05	6800	3835.24
3846	3869	3825.15	3852.85	1300	3734.25
3890	3925	3810	3844	1100	3725.67
3848	3869	3821	3858.3	1600	3739.53
3799.5	3913	3799.5	3860.25	4500	3741.42
3667	3820.4	3667	3799.5	13900	3682.54
3697	3835	3666	3708.3	4300	3594.15
3649.5	3699	3610.05	3660.3	2200	3547.62
3695	3695	3601	3614.1	800	3502.85
3620	3685	3620	3648.9	700	3536.58
3600	3699	3560	3639.05	2800	3527.03
3585	3599	3560	3587.4	600	3476.97
3641	3699	3600.05	3617.75	2500	3506.38
3580	3670	3510	3655.2	2800	3542.68
3589	3589	3501	3525	600	3416.49
3502	3592.95	3500	3564.4	1700	3454.68
3648	3745	3505	3518.45	2200	3410.14
3680	3786.3	3600	3613.75	2600	3502.51
3606	3606	3606	3606	0	3495
3470	3606	3450	3606	3100	3495
3460	3525	3415	3434.3	2800	3328.58
3650	3749	3429.1	3449.3	7800	3343.12
3100	3599.3	3100	3599.3	16500	3488.5
3269	3329	3260	3272.1	1500	3171.37
3257	3330	3180	3240.15	2800	3140.41
3250	3290	3150	3237.75	4700	3138.08
2940	3242	2940	3242	16400	3142.2
2901.05	2958	2884.05	2949	2700	2858.22
2940	2950	2900.05	2911.3	400	2821.68
2860	2970	2860	2942.4	1100	2851.82
2899	2910	2800	2863.2	800	2775.06
2657	2890	2643	2827.75	1100	2740.7
2601	2648	2601	2611	1900	2530.63
2613	2637	2600	2611.7	200	2531.3
2605	2668	2550	2623.6	1000	2542.84
2575	2630	2575	2602.75	13400	2522.63
2510	2625	2460	2610	3200	2529.66
2500.05	2580	2465	2500	2100	2423.04
2500	2538	2490	2510	800	2432.73
2540	2540	2471	2499.85	900	2422.9
2452.85	2529	2450	2529	900	2451.15
2500	2509	2477	2502.4	600	2425.37
2470	2514.95	2470	2497.5	400	2420.62
2498.8	2551	2498.8	2520	1100	2442.43
2474	2511	2450	2495.2	3400	2418.39
2475	2515	2450	2473.6	2700	2397.45
2440	2448	2415.15	2440	0	2364.89
2428	2464.95	2400	2435.7	700	2360.72
2460	2460	2420.3	2428	100	2353.26
2439	2469	2405.05	2447.7	400	2372.35
2440	2458	2385.1	2395.85	700	2322.1
2310.2	2445	2310.2	2430	300	2355.2
2261	2388.8	2261	2385	200	2311.58
2458	2458	2362	2389.3	400	2315.75
2525	2580	2411	2411	400	2336.78
2500.2	2515	2401	2447	1300	2371.67
2498	2535	2480	2497.45	700	2420.57
2340	2473	2340	2409.35	900	2335.18
2300	2364	2236	2317.7	400	2246.35
2410	2410	2210	2317.1	300	2245.77
2129.9	2129.9	2129.9	2129.9	0	2064.33
2129.9	2129.9	2129.9	2129.9	0	2064.33
2133.2	2300	2105	2129.9	500	2064.33
2275	2300	2151	2199.2	900	2131.5
2400	2400	2350	2370	900	2297.04
2300	2450	2279.9	2424.3	1500	2349.67
2420	2448	2399.8	2399.8	800	2325.93
2631	2637.95	2526.1	2526.1	1900	2448.34
2660	2690	2640	2670	400	2587.81
2690	2775	2662.4	2695	500	2612.04
2750	2785	2630.1	2689.45	1500	2606.66
2860	2860	2730	2768.5	1200	2683.28
2820	2838.95	2747	2798.7	900	2712.55
2949	2985	2796.5	2827.7	900	2740.65
2980	3039	2921.5	2943.65	600	2853.04
2899	2966.45	2880	2966.45	700	2875.13
2871	2900	2782	2810.15	800	2723.64
3049	3100	2865	2882.85	1000	2794.11
3000	3099.2	2821	2987	800	2895.05
3060	3060	2956.8	2980	1200	2888.27
3300	3324	3090	3112.4	1400	3016.59
3334	3395	3216.5	3217.6	1500	3118.55
3235	3385.75	3235	3385.75	1700	3281.53
3335	3395	3205.1	3224.55	1300	3125.29
3399	3450	3278	3303.25	1700	3201.57
3460	3477.9	3375	3385.3	1800	3281.09
3509	3520.2	3430.25	3453.2	2000	3346.9
3515	3564.95	3512.15	3515.75	700	3407.52
3530	3560	3481	3520	1600	3411.64
3587	3623	3500	3509.75	1400	3401.71
3600	3601	3535.15	3564.4	1100	3454.68
3649	3649	3570	3595.25	1100	3484.58
3650	3650	3540	3603.9	2500	3492.96
3550	3628.95	3529	3557.5	1200	3447.99
3350	3479	3300	3454.95	1800	3348.6
3599	3644	3388	3413.95	3100	3308.86
3598	3674	3510	3535.75	3600	3426.91
3728	3789	3545.05	3545.05	5900	3435.92
3849	4018.4	3700	3731.6	14000	3616.73
3888	3889	3805.6	3827.05	2900	3709.24
3775	3877	3775	3850	3600	3731.49
3900	3919	3767	3787.45	2300	3670.86
3899.3	3965	3790	3858.45	4600	3739.67
3850	3899.6	3772	3859.2	6700	3740.4
3713.95	3713.95	3713.95	3713.95	0	3599.62
3860	3860	3691.05	3713.95	4400	3599.62
3901	3969.95	3808	3867.7	8900	3748.64
3839.55	3839.55	3839.55	3839.55	0	3721.36
3924.5	4051	3810	3839.55	24300	3721.36
3650	3875.1	3625	3858.1	27400	3739.34
3522.85	3522.85	3522.85	3522.85	0	3414.41
3300	3522.85	3250	3522.85	11400	3414.41
3200	3245	3165	3202.6	2200	3104.01
3160	3235	3131	3210.8	3100	3111.96
3110	3119	3093	3119	1000	3022.99
3179	3181	3040	3063.5	1400	2969.2
3135	3159.8	3108.05	3108.05	600	3012.37
3100	3180	3090	3102.9	1300	3007.38
3190	3261	3150	3182.5	2400	3084.53
3211	3245	3155	3177.6	700	3079.78
3225	3287.5	3225	3240.8	6700	3141.04
3200	3235	3175	3207.8	1400	3109.05
3200	3275	3200	3220.7	4600	3121.56
3210	3249	3175	3198.45	3000	3099.99
3175	3220	3175	3197	5300	3098.59
3160	3224.95	3110	3184.8	4800	3086.76
3140	3140	3140	3140	0	3043.34
3200	3215	3112	3140	2000	3043.34
3139	3220	3131	3178	2500	3080.17
3121	3155	3115	3120	3000	3023.96
3140	3160	3111.65	3141.95	1700	3045.23
3149	3210	3121	3143.8	2300	3047.02
3149	3165	3118	3118	500	3022.02
3172	3200	3126	3126	2100	3029.77
3200	3230	3120	3157.8	2600	3060.59
3145	3238.95	3126	3221.6	3000	3122.43
3075	3200	3075	3111	1300	3015.23
3073.95	3095	3030	3095	2400	2999.73
3049	3090	3030	3049.85	2200	2955.97
3059	3097	2995.05	3011.1	1900	2918.41
3095	3120	3037	3044.85	2600	2951.12
3200	3220	3080	3095.3	1600	3000.02
3190	3279	3190	3221.25	2900	3122.09
3145	3200	3110	3176.2	1400	3078.43
3190	3190	3080	3150	1800	3053.03
3100	3240	3089	3177	4700	3079.2
3140	3188	3100	3105.8	1700	3010.19
3249	3259.7	3101	3111.95	3900	3016.15
3299	3314.7	3205	3217.8	3100	3118.75
3240	3399	3240	3262.25	12900	3161.83
3246.05	3246.05	3246.05	3246.05	0	3146.13
3120	3295	3090	3246.05	15900	3146.13
2900	3150	2825	3016.8	8600	2923.93
2805	2950	2800	2894.65	4400	2805.54
2800.1	2818.95	2800	2800	900	2713.81
2800	2820	2800	2800.35	2200	2714.15
2820	2835	2800	2800.65	1400	2714.44
2806	2830	2800	2824	1600	2737.07
2895.5	2895.5	2800	2800	2200	2713.81
2778	2890	2770	2865.8	6500	2777.58
2740.45	2740.45	2740.45	2740.45	0	2656.09
2750	2750	2720	2740.45	1300	2656.09
2735	2750	2699.95	2710.85	800	2627.4
2734.95	2769	2700	2731	700	2646.93
2760	2790	2740	2750.15	1200	2665.49
2729	2779	2725	2770.6	5700	2685.31
2710	2730	2690.05	2712	1500	2628.52
2739.95	2739.95	2685.5	2708.55	4500	2625.17
2710	2710	2670	2694.45	1500	2611.51
2700	2720	2671	2681.1	1200	2598.57
2711	2719	2675	2678.7	900	2596.24
2694.05	2694.05	2694.05	2694.05	0	2611.12
2744.5	2744.5	2675	2694.05	1300	2611.12
2750.1	2776.95	2710	2725	1800	2641.12
2770	2788	2730	2740.4	1400	2656.04
2760	2772	2742	2754.65	1100	2669.85
2789	2825	2750	2760.2	1200	2675.23
2750	2751	2740	2745.45	1700	2660.94
2780	2810	2740	2750	700	2665.35
2750	2794	2735	2750.95	1100	2666.27
2789.95	2798.95	2710	2733.2	900	2649.06
2808	2823.95	2744	2762.7	900	2677.66
2770	2819.9	2750	2765	900	2679.88
2845	2845	2750	2770.45	700	2685.17
2911	2911	2800	2823.7	1400	2736.78
2905	2924	2850	2904	1100	2814.61
2977.8	2988.95	2891	2918.1	6000	2828.27
2845	2965	2825	2915	8300	2825.27
2900	2900	2820	2840	1000	2752.58
2855	2855	2795	2807.65	800	2721.22
2888	2889	2800	2800	800	2713.81
2899.95	2899.95	2850	2850	600	2762.27
2948	2948	2870	2870	900	2781.65
2890	2900	2880.2	2892	1000	2802.98
2876	2900	2845	2886.15	700	2797.31
2875	2900	2860	2870	1600	2781.65
2848	2894.5	2846.95	2875	600	2786.5
2847	2847	2802	2836.7	100	2749.38
2828	2890	2828	2847.4	600	2759.75
2900	2900	2842	2850.05	800	2762.32
2857	2900	2857	2871	500	2782.62
2900	2900.2	2825.25	2845.25	600	2757.66
2898	2898.95	2850	2879	500	2790.38
2600	2925	2600	2886	1500	2797.16
2904.8	3044.6	2870	2870	1600	2781.65
2898	2898	2846.05	2853.05	600	2765.22
2880	2910	2852.05	2900	800	2810.73
2880	2900	2830	2855	2800	2767.11
2831	2869.95	2815	2850	500	2762.27
2852	2891.9	2840	2861.9	1500	2773.8
2811	2940	2793.05	2859.95	2700	2771.91
2819	2828.9	2749	2790	1400	2704.12
2840	2870	2790	2804.65	700	2718.31
2860	2885	2815	2822.05	700	2735.18
2890	2910	2800	2806.85	1000	2720.45
2910	2945	2844.05	2858.85	4300	2770.85
2900	2946.9	2840	2860	1100	2771.96
2800	2912	2800	2899	1000	2809.76
2790	2790	2790	2790	0	2704.12
2790	2790	2790	2790	0	2704.12
2775.1	2819	2775	2775	4100	2689.58
2788	2829.95	2788	2821.5	300	2734.65
2725	2774	2725	2774	1800	2688.61
2761	2881	2710	2734.55	2600	2650.37
2830	2835	2755	2782.7	2200	2697.04
2780	2880	2780	2880	1600	2791.34
2830	2850	2765.1	2765.1	600	2679.98
2740	2894	2724	2805.7	800	2719.33
2835	2835	2750	2769.95	1700	2684.68
2980	2996	2840	2854.25	1400	2766.39
3020	3020	2950	2981.35	1600	2889.57
3060	3080	3010	3023.55	2800	2930.48
3050.05	3100	3025.05	3073.25	1000	2978.65
3150	3150	3050	3050	800	2956.11
3120	3200	3080	3152.65	1000	3055.6
3140	3140	3140	3140	0	3043.34
3170.05	3189.9	3115	3140	500	3043.34
3235	3235	3175	3178	400	3080.17
3280	3350	3200	3210.5	1400	3111.67
3210	3300	3155	3238.8	1500	3139.1
3190	3270	3151	3207.05	1300	3108.33
3224	3224	3161	3175	800	3077.26
3169	3194.95	3150	3183	900	3085.02
3170	3170	3051	3116.2	1800	3020.27
3209	3229	3103	3163.75	9500	3066.36
3239	3239	3163.55	3186.3	1800	3088.22
3199.4	3250	3180	3209	4200	3110.22
3045	3151.35	3044	3151.35	3700	3054.34
3026	3130	2950	3001.3	3200	2908.91
3160	3214	3040	3055.15	3700	2961.1
3300	3315	3148.5	3199.15	3600	3100.67
3380	3380	3305	3314.2	2800	3212.18
3399	3405	3315	3365.75	4100	3262.14
3419.35	3485	3372	3383.5	8100	3279.35
3200	3339.1	3200	3339.1	10100	3236.31
3150	3280	3150	3180.1	6100	3082.21
2960	3200	2960	3144.85	3100	3048.04
3100	3100	3067.05	3085	1600	2990.03
3100	3100	3026	3081	1500	2986.16
3120	3130	3050	3075	2100	2980.34
3075.95	3075.95	3075.95	3075.95	0	2981.26
3100	3150	3055	3075.95	2500	2981.26
3000	3117	2999	3099	4700	3003.6
3019	3020	2955	2982.85	2300	2891.03
3000	3064	2967	2982.6	2400	2890.79
3126	3150	2992.1	3005.15	3100	2912.64
3160	3160	3100	3115.4	1500	3019.5
3162	3185	3125.45	3144.8	3600	3047.99
3180	3245	3162	3178.55	4200	3080.7
3144.55	3199	3110	3180.95	6300	3083.03
3150	3221	2980	3092.95	14100	2997.74
3000	3151	2995	3123.65	15900	3027.49
2849.85	3049	2849.85	2960.35	11400	2869.22
2674	2865	2660.05	2817.85	11900	2731.11
2700	2710	2622	2640.6	3900	2559.31
2600	2707	2600	2674.25	3100	2591.93
2640	2719	2639	2669.9	2700	2587.71
2612.9	2612.9	2612.9	2612.9	0	2532.47
2550	2800	2550	2612.9	6300	2532.47
2588	2793.2	2588	2668.9	14400	2586.74
2305	2539.3	2305	2539.3	5100	2461.13
2375	2375	2275.05	2308.5	2000	2237.44
2325	2350	2300	2303.75	2800	2232.83
2300	2310	2290	2299.9	5200	2229.1
2285	2325	2278	2290.55	1100	2220.04
2388	2388	2280	2280	1600	2209.81
2315	2400	2300	2304.05	1200	2233.12
2330	2360	2300	2306	900	2235.01
2345	2360	2331	2348	900	2275.72
2352.85	2352.85	2352.85	2352.85	0	2280.42
2370	2390	2350	2352.85	100	2280.42
2371	2390	2350	2358.05	800	2285.46
2399	2410	2372	2381.25	500	2307.95
2440	2440	2380	2394	1400	2320.31
2420	2430	2360	2360	1200	2287.35
2415	2425	2381.1	2399	300	2325.15
2399	2400	2375	2381.35	600	2308.04
2380	2425	2380	2391.55	1400	2317.93
2440	2440	2352	2386.85	500	2313.38
2426	2426	2360	2385	500	2311.58
2390	2425	2380.15	2387.55	600	2314.05
2410	2430	2375	2389.8	1600	2316.23
2550	2550	2375.75	2397.75	2500	2323.94
2465	2469	2435	2442.55	500	2367.36
2500	2565	2430.05	2451.8	2800	2376.33
2465	2475	2450	2460.65	400	2384.9
2480	2495	2462	2470	500	2393.97
2415	2490	2415	2487	700	2410.44
2433	2460	2426	2433.95	400	2359.03
2450	2470	2435	2441	500	2365.86
2509.9	2509.9	2422	2437.75	400	2362.71
2530	2530	2450	2462.4	400	2386.6
2535	2565	2525.05	2535.45	800	2457.4
2470	2560	2460	2534.15	1300	2456.14
2476	2505	2460	2493.15	10800	2416.4
2466	2490	2451	2457.95	11000	2382.29
2430	2455	2421.2	2447	900	2371.67
2475	2475	2414	2419.55	800	2345.07
2504.9	2504.9	2432	2442.9	600	2367.7
2500	2500	2451.25	2451.25	900	2375.79
2532	2532	2475.1	2475.1	700	2398.91
2507	2515	2485	2497.2	400	2420.33
2531	2540	2500	2500	500	2423.04
2549.9	2574.9	2480	2491.3	700	2414.61
2525	2550	2509	2543.05	600	2464.77
2505	2529	2495.15	2508.45	600	2431.23
2520	2525	2490.3	2502	700	2424.98
2486	2486	2486	2486	0	2409.47
2486	2486	2486	2486	0	2409.47
2500	2514.95	2480	2486	200	2409.47
2509.9	2519.95	2475	2484.2	700	2407.73
2490	2521	2480	2480	700	2403.66
2520	2540	2475	2478	700	2401.72
2550	2556	2512.05	2520	700	2442.43
2553	2555	2526	2542	400	2463.75
2540	2550	2530.8	2536.05	700	2457.98
2510	2560	2510	2546.7	1500	2468.3
2540	2550	2518	2530.45	1100	2452.55
2527.95	2548.7	2506	2512.2	700	2434.87
2555	2565	2505	2509.85	700	2432.59
2549	2549	2502	2505	600	2427.89
2531	2580	2531	2559.7	1000	2480.9
2574	2585	2521	2531.7	700	2453.77
2620	2620	2530	2549.85	1500	2471.36
2570	2624	2540	2610.55	1800	2530.19
2558	2575	2530	2541.15	4700	2462.93
2540	2584.75	2536	2550.85	400	2472.33
2500.1	2595	2500	2580.85	800	2501.4
2510.5	2535	2480	2480	500	2403.66
2525	2564	2499	2525.05	1000	2447.32
2495	2529	2475	2494.75	1300	2417.95
2549	2585	2475	2496.8	1600	2419.94
2580	2615	2550	2550	1700	2471.5
2725	2770	2581	2622.65	1700	2541.92
2709	2744.9	2689.5	2725.45	500	2641.55
2717	2732	2696.05	2699.5	300	2616.4
2749.5	2758	2720	2730.15	600	2646.11
2730	2755	2720	2754.25	400	2669.47
2730	2758	2720	2727.9	700	2643.93
2700	2729.25	2687	2710.95	700	2627.5
2740	2752	2650	2700.2	1600	2617.08
2705	2748.8	2655	2724.7	1800	2640.83
2700	2702	2645.35	2676.45	1000	2594.06
2715.15	2767	2699.95	2707	4400	2623.67
2746.25	2746.25	2746.25	2746.25	0	2661.71
2780.35	2794.5	2711.1	2746.25	1000	2661.71
2735	2790	2732	2769.35	700	2684.1
2763	2769.85	2722	2731	500	2646.93
2828.9	2850	2740	2750.25	2100	2665.59
2842	2855	2780	2787.25	700	2701.45
2815	2880	2800	2840.65	2700	2753.21
2900	2910	2770	2785.35	1600	2699.61
2924	2950	2851	2869.1	11500	2780.78
2950	2950	2895	2907.35	900	2817.85
2887	2953.5	2887	2945.95	4000	2855.26
2849	2912	2825	2886.25	3600	2797.4
2925	2934	2790	2822.1	8700	2735.23
2930	2949.9	2908	2938.9	1400	2848.43
2925.15	2925.15	2925.15	2925.15	0	2835.1
2910	2979	2906.5	2925.15	1300	2835.1
2940	2965	2911	2947.3	2500	2856.57
2995	2995	2945	2949.7	1800	2858.9
2960	3038.8	2903	2982.6	4600	2890.79
2950	2990	2900	2939.85	3500	2849.35
3000	3065	3000	3013.55	1700	2920.78
3025	3122	3016.5	3039.75	2500	2946.18
2990	3075	2880	3032.15	4900	2938.81
3030	3040	2952.1	2955	1300	2864.04
2996	3055	2950	2972.05	3800	2880.56
3110	3390	2980	2994.7	8500	2902.51
3140	3149	3060.1	3101	4100	3005.54
3149	3179	3099.9	3116.5	5400	3020.56
3080	3160	3051	3090.6	7000	2995.46
2900	3148.8	2882	3063.05	29300	2968.76
2860	2885	2850	2874.05	3300	2785.58
2899.95	2905	2831	2857.55	5600	2769.59
2850	2939.4	2810	2873.7	14500	2785.24
2695	2845	2695	2789.4	15400	2703.53
2650	2750	2650	2689.8	5500	2607
2640	2680	2635	2636.7	1400	2555.53
2699	2711	2633	2658.7	1400	2576.86
2650	2696.9	2625	2685.5	2000	2602.83
2450	2710	2450	2681.65	1900	2599.1
2630	2690	2620.5	2674.05	8000	2591.73
2689	2689	2575	2614.45	4500	2533.97
2710	2740	2601	2637.65	2900	2556.45
2755	2755	2675	2687.35	2400	2604.63
2750	2815	2750	2757.95	3400	2673.05
2760	2770	2711	2718	10000	2634.33
2750	2772	2705.1	2746.8	5200	2662.24
2698	2768.7	2650	2733.05	19600	2648.92
2620	2675	2595	2637.7	10200	2556.5
2550	2640	2550	2596.55	10900	2516.62
2445	2601	2420	2529.9	5100	2452.02
2430	2450	2415	2421	1700	2346.47
2449	2450	2400	2424.95	2800	2350.3
2410	2480	2390	2434.45	3000	2359.51
2400	2450	2400	2421.3	2300	2346.76
2345	2400	2335	2384.4	2000	2311
2335	2345	2291	2323.4	1700	2251.88
2339.3	2339.3	2339.3	2339.3	0	2267.29
2393	2393	2301.1	2339.3	3700	2267.29
2400	2400	2326	2348.2	1900	2275.92
2397.15	2397.15	2397.15	2397.15	0	2323.36
2390	2405	2366	2397.15	2100	2323.36
2400	2433	2381	2398.25	1900	2324.42
2444.9	2460	2385	2393.3	1900	2319.63
2460	2500	2380	2399.95	3500	2326.07
2500	2500	2446	2452.15	1600	2376.67
2480	2535	2476	2500.6	2900	2423.62
2533.35	2555	2450	2471.1	4600	2395.03
2700	2700	2520	2533.35	7000	2455.37
2559.9	2624.25	2525.15	2624.25	2700	2543.47
2500	2567	2480.05	2499.3	3900	2422.36
2550	2565	2465	2533.75	2600	2455.75
2524	2590	2422.6	2572.8	7100	2493.6
2590	2599	2532	2550.1	3000	2471.6
2454	2541.15	2454	2541.15	2400	2462.93
2431.1	2455	2407	2420.15	2800	2345.65
2460	2503	2440	2449.35	2000	2373.95
2545	2545	2450	2462.15	2100	2386.36
2550	2610	2475	2513.6	3600	2436.22
2470	2520	2441.55	2495.55	7900	2418.73
2705	2705	2570.05	2570.05	4100	2490.94
2655	2762.6	2640	2705.3	10500	2622.02
2688	2690	2620	2631.05	2500	2550.06
2697.7	2700	2620	2655.25	3200	2573.51
2669.7	2715	2610	2657.85	3000	2576.03
2774	2825	2590	2613.1	10100	2532.66
2647	2700.45	2630	2700.45	12600	2617.32
2498	2571.9	2498	2571.9	5400	2492.73
2302	2449.45	2302	2449.45	6000	2374.05
2266.85	2350	2266.85	2332.85	2400	2261.04
2355	2375	2281	2290.75	1500	2220.23
2360	2365.95	2340	2350.05	800	2277.71
2400	2430	2340.3	2352.1	2300	2279.7
2400	2415	2351.1	2364.95	4600	2292.15
2309	2389.9	2309	2389.75	9300	2316.19
2300	2313	2255	2276.1	2500	2206.03
2285	2329	2250	2289.9	4400	2219.41
2236	2294.4	2202	2277.6	9100	2207.49
2025	2185.15	2025	2185.15	5800	2117.88
2050	2099	2050	2081.1	1300	2017.04
2029.7	2029.7	2029.7	2029.7	0	1967.22
2020	2119	2000	2029.7	1000	1967.22
2087	2087	2032	2040.8	800	1977.98
2068.95	2100	2031	2053.25	1400	1990.04
2035	2066	2033	2039.75	900	1976.96
2072	2072	2072	2072	0	2008.22
2080	2090.25	2060	2072	1300	2008.22
2095	2108	2058	2075.65	2100	2011.75
2019.95	2089.8	2000	2088.7	3700	2024.4
1990.3	1990.3	1990.3	1990.3	0	1929.03
2000	2000	1970.1	1990.3	300	1929.03
2000	2000	1980	1989.3	300	1928.06
1998.95	2011.5	1980	1999.6	2100	1938.05
1991	2008.95	1953.05	1968.05	400	1907.47
2010	2010	1985	1987.65	400	1926.46
1995	2020	1990	1995.65	900	1934.22
2000	2019	1978	1984.7	800	1923.6
1983.1	2025	1983.1	1994.3	800	1932.91
2030	2039	1986.05	1993.35	1200	1931.99
2035	2037.9	1999	2003.35	500	1941.68
2028	2042.75	2006.1	2014.4	300	1952.39
2049.95	2084	2031	2041.4	1400	1978.56
2040	2064	2013.1	2019.75	1000	1957.58
2020	2050	1997	2032.65	1300	1970.08
2025.25	2045	1980.2	1988.6	600	1927.38
2025.45	2025.45	2025.45	2025.45	0	1963.1
2011	2045	2011	2025.45	500	1963.1
2060	2060	2011.5	2018.9	400	1956.75
2072.95	2072.95	2020	2037.75	1000	1975.02
2140	2140	2042	2052.15	1500	1988.98
2064	2123.8	2015	2105.25	2800	2040.44
2050	2050	2010	2022.7	700	1960.43
2041.5	2041.5	2041.5	2041.5	0	1978.66
2120	2148	2025.1	2041.5	900	1978.66
2100	2165	2075.05	2091.5	3900	2027.12
2114	2150	2075	2086.85	2000	2022.61
2139	2159	2085	2100.05	2300	2035.4
2169.9	2247.95	2090	2102.65	6000	2037.92
2047	2151.35	2027.1	2151.35	5000	2085.12
2099	2115	2040	2048.95	2000	1985.88
2069	2069	2030	2038.25	1100	1975.51
2100	2100	2050.05	2052	1100	1988.83
2095	2119.95	2069.9	2078.9	800	2014.9
2091.1	2125	2070	2075.3	400	2011.42
2115	2144	2092	2099.15	300	2034.53
2149.9	2180	2110	2129.95	1400	2064.38
2175	2199.9	2120	2125.4	1300	2059.97
2200	2211.8	2165	2185.8	1300	2118.51
2200	2240	2170	2195.6	1900	2128.01
2235	2239	2190	2200.9	2000	2133.15
2190	2255	2140.75	2205.6	4700	2137.7
2080	2179.25	2080	2179.25	4300	2112.17
2110	2131	2060	2075.5	2000	2011.61
2134.4	2180	2065	2114.2	8200	2049.12
2005	2095	1996	2095	4400	2030.51
2001	2019.95	1980	1995.25	2000	1933.83
2013	2020	1985.3	2003.5	1900	1941.83
2008	2010	1976	1988.9	1200	1927.68
2025	2025	1992	1998.65	1600	1937.13
1955	2040	1955	2004.5	2700	1942.8
1950	1960	1931.05	1947.6	700	1887.65
1962	1970	1941.5	1944.5	600	1884.64
1950	1990	1950	1958.05	700	1897.78
1975	1980	1950	1963.25	1100	1902.82
1964	1997	1950	1961.5	1300	1901.12
2000	2033	1930.35	1963.85	1300	1903.4
1910	1991.5	1910	1991.5	2000	1930.2
1889	1965.05	1881.1	1896.7	1200	1838.31
1951.8	1958	1905	1909.6	700	1850.82
2006	2007.9	1901.05	1924.8	1500	1865.55
2005	2017	1950	1961.65	1700	1901.26
2010	2050	2006	2014.45	3300	1952.44
2045	2070	1981.1	2019.35	4700	1957.19
1924.9	2075	1900	2021.75	9000	1959.51
1871	1910	1841	1893.85	1800	1835.55
1874	1890	1833.2	1868.8	3100	1811.27
1875	1900	1821.05	1833.6	5000	1777.16
2050	2059	1850	1885.8	11300	1827.75
1847	1879.9	1775	1879.9	5300	1822.03
1539.4	1709	1539.4	1709	4700	1656.39
1469	1579	1468	1553.65	2900	1505.82
1419	1464	1419	1454.2	1300	1409.44
1411	1430	1400	1411.85	300	1368.39
1415	1418	1398.25	1400	100	1356.9
1423	1423	1405	1407.5	0	1364.17
1407.9	1413	1371.25	1405.4	400	1362.14
1400	1414.7	1371	1378.1	500	1335.68
1365	1418.5	1365	1407	700	1363.69
1405	1420	1392	1399.15	200	1356.08
1419.5	1420	1386	1410.4	100	1366.98
1399	1410	1390	1402.35	300	1359.18
1388.05	1410	1388.05	1401.5	300	1358.36
1430	1455	1390	1392.5	300	1349.63
1389.95	1430	1370.1	1411.85	900	1368.39
1390	1392	1366	1384.6	400	1341.98
1370	1397.9	1370	1389	400	1346.24
1393	1395	1350	1363.45	400	1321.48
1390	1390	1380	1382.35	0	1339.8
1381	1395	1380	1389.35	100	1346.58
1418.85	1418.85	1375.1	1397.55	100	1354.53
1375	1404	1350	1400.6	300	1357.49
1400	1440	1360	1379.65	2100	1337.18
1400	1425	1376	1389.1	500	1346.34
1397	1415	1335.1	1403.15	700	1359.96
1398	1400	1385	1396.35	200	1353.37
1399	1405	1382	1387.3	200	1344.59
1359.85	1377	1343	1359.8	700	1317.94
1378	1378	1330	1338.45	300	1297.25
1375	1390	1345	1345.4	100	1303.98
1384	1384	1360	1362.6	200	1320.65
1335	1367	1335	1355.7	300	1313.97
1369	1369	1325	1347.65	400	1306.17
1375	1375	1330	1341.3	300	1300.01
1400	1400	1360	1372.4	500	1330.15
1450	1450	1401	1407.85	200	1364.51
1440	1462	1440	1450.25	600	1405.61
1435	1450	1427	1443	200	1398.58
1440	1442.9	1419.5	1435	100	1390.83
1439.95	1439.95	1411	1411.9	100	1368.44
1430	1430	1395	1417.55	500	1373.91
1469	1483	1451	1460.05	400	1415.11
1412	1480	1412	1448	1000	1403.43
1368	1405	1368	1403	100	1359.81
1359	1360	1340	1350	200	1308.44
1350	1365	1343	1356.45	100	1314.69
1351	1351	1322.5	1341.1	200	1299.82
1350	1390	1339	1348.1	200	1306.6
1350	1360	1338	1360	200	1318.13
1335	1360	1317	1347.15	600	1305.68
1370	1370	1285.5	1291.7	400	1251.94
1420	1420	1350	1357.35	400	1315.57
1405.05	1450	1405.05	1426.85	200	1382.93
1470	1470	1400	1414.95	700	1371.39
1465	1470	1440	1455.65	100	1410.84
1426	1474.9	1426	1461.85	1300	1416.85
1420	1428	1380	1413.9	300	1370.38
1505	1505	1435	1435.35	5500	1391.17
1500	1500	1465	1490.4	400	1444.52
1472.9	1484	1424	1470.55	500	1425.28
1510	1518	1378	1379.5	1400	1337.03
1575	1600	1450	1531.1	2800	1483.97
1580	1617.5	1575	1602.8	800	1553.46
1620	1650	1590	1619.55	1400	1569.7
1583	1628	1580	1609.8	800	1560.25
1625	1625	1595.75	1607.55	400	1558.06
1633	1660	1632	1650.1	800	1599.3
1687.9	1687.9	1621.1	1654	200	1603.08
1650	1650	1600	1600.6	400	1551.33
1624.95	1624.95	1610	1617	200	1567.22
1624.9	1625	1575	1602.1	1600	1552.78
1565	1580	1547	1558.1	800	1510.14
1575	1610	1550	1589	800	1540.09
1680	1700	1587	1591.6	1100	1542.61
1750	1750	1657	1665.4	1000	1614.13
1711.7	1711.7	1711.7	1711.7	0	1659.01
1700	1730	1690.25	1711.7	800	1659.01
1685	1698	1684	1684.05	300	1632.21
1651	1690	1651	1683	100	1631.19
1650	1669	1640	1658.6	400	1607.54
1700	1700	1655	1658.75	200	1607.69
1720	1725	1681	1696.05	900	1643.84
1740	1758	1680.1	1725.85	500	1672.72
1707.6	1707.6	1707.6	1707.6	0	1655.03
1721	1725	1695	1707.6	300	1655.03
1724.9	1740	1715	1729.6	600	1676.36
1685.7	1685.7	1685.7	1685.7	0	1633.81
1680	1710	1660	1685.7	400	1633.81
1685	1685	1650	1673.9	400	1622.37
1700	1714.7	1675	1688.75	700	1636.77
1615	1725	1615	1687.75	2000	1635.8
1575	1620	1570	1605.8	1700	1556.37
1497.95	1590	1490	1572	1400	1523.61
1469	1488.65	1469	1484.95	2600	1439.24
1480	1494.9	1445	1458.7	700	1413.8
1482.95	1487	1470	1478.7	800	1433.18
1431	1485	1415	1450.25	1400	1405.61
1410	1463	1410	1423.2	1800	1379.39
1466.7	1466.7	1390.05	1395.9	1600	1352.93
1459	1472	1430	1444.1	2000	1399.65
1596	1600	1451	1455.9	2400	1411.08
1700	1700	1580	1596.8	1200	1547.65
1680	1765	1670	1701.4	600	1649.03
1770	1770	1702	1726.45	600	1673.3
1800	1800	1730	1755.3	600	1701.27
1826	1854	1780	1784.95	1100	1730
1889.9	1890	1811.05	1826	300	1769.79
1876	1900	1835.15	1854.25	600	1797.17
1900.05	1909	1875	1879.8	300	1821.93
1919.8	1922	1895.5	1900.15	200	1841.66
1925	1950	1903	1922.55	200	1863.37
1950	1975	1921	1928.55	2600	1869.18
1939	1964	1916.25	1952.45	600	1892.35
1925	1930	1890	1918.5	1100	1859.44
1914.45	1914.45	1914.45	1914.45	0	1855.52
1870	1920	1870	1914.45	300	1855.52
1895	1905	1870	1880.7	700	1822.81
1849.7	1900	1849.7	1882.35	600	1824.41
1891	1900	1811	1833.45	900	1777.01
1900	1924.8	1855	1897.7	1000	1839.28
2035	2035	1880	1906.7	900	1848.01
1980	2048.7	1961	1971.25	800	1910.57
2075	2100	1980	1993.25	1200	1931.89
2070	2150	2049	2137.45	800	2071.65
2160	2160	2041.2	2062.25	500	1998.77
2150	2199	2138.05	2146	800	2079.94
2060	2201	2050	2156.35	3500	2089.97
2039.8	2080	2000	2066.7	3600	2003.08
1920	2017.5	1917	2006.4	1800	1944.64
1885	1939	1865	1926	1200	1866.71
1836.15	1890	1829.7	1875.15	900	1817.43
1820	1850	1800	1838.65	1200	1782.05
1802	1850	1800	1803.65	1000	1748.13
1760	1849.9	1760	1833.5	1900	1777.06
1800.1	1825	1757	1768	2000	1713.58
1844.55	1844.55	1844.55	1844.55	0	1787.77
1910	1910	1825.3	1844.55	1400	1787.77
1875	1930	1875	1902.95	1100	1844.37
2039.7	2066	1900	1906.35	3800	1847.67
1997	2039.9	1955	2016.05	1900	1953.99
1927.7	1927.7	1927.7	1927.7	0	1868.36
1855	1940	1850	1927.7	4200	1868.36
1940	1970	1800	1813.7	2700	1757.87
2039.7	2048	1876	1900.15	2100	1841.66
2170	2173	2000	2015.85	1600	1953.8
1999	2200	1800.15	2122.5	1600	2057.16
2197	2240	2195	2200	1600	2132.28
2300	2309	2185	2187.9	1400	2120.55
2230	2325	2217	2280.9	1700	2210.69
2254	2270	2211	2227.35	1800	2158.79
2280	2297.9	2231.2	2239.3	2300	2170.37
2380	2383	2260	2291.65	2100	2221.11
2309.7	2350	2295	2335.9	1100	2263.99
2324	2324	2221	2259.6	3200	2190.04
2388.7	2393	2280	2301	2000	2230.17
2455	2459	2351.3	2361.15	1800	2288.47
2379.9	2423	2360	2412.35	2100	2338.09
2275	2375	2275	2358.55	1100	2285.95
2351	2380	2290	2301.15	1700	2230.31
2460	2469	2330	2350.65	2100	2278.29
2471.7	2499	2410	2417	2000	2342.6
2297.7	2439	2290	2414.6	4200	2340.27
2259.8	2259.8	2259.8	2259.8	0	2190.24
2300	2335	2251	2259.8	2700	2190.24
2389.95	2390	2325	2331.9	2900	2260.12
2347.7	2419	2271	2346.8	5400	2274.56
2499	2525	2270	2297.25	7900	2226.53
2499	2548	2456.3	2468.4	6700	2392.41
2497.7	2551	2430	2454.05	7400	2378.51
2240	2460	2200	2421.55	8800	2347.01
2167	2280	2150	2252.2	5700	2182.87
2118	2199	2062	2163.05	4100	2096.46
2135	2185	2000.1	2098.5	4900	2033.9
1890	2160	1890	2097.35	16700	2032.79
1888.7	1900	1850	1872.95	1900	1815.29
1805	1870	1791	1824.05	1500	1767.9
1810	1840	1775.1	1798.4	1000	1743.04
1803	1834.9	1790	1796.65	1000	1741.34
1828	1850	1780	1789	1700	1733.93
1850	1850	1802.05	1813.45	900	1757.63
1884.7	1900	1805	1815.25	2100	1759.37
1870	1900	1840	1851	600	1794.02
1899.95	1899.95	1852	1861.95	1100	1804.63
1870.4	1870.4	1870.4	1870.4	0	1812.82
1904	1975	1830.05	1870.4	2500	1812.82
1755.05	1900	1755.05	1886.5	1900	1828.43
1810	1810	1650	1789.9	2900	1734.8
1750	1820	1750	1805	2100	1749.44
1780	1819.7	1780	1803.65	1300	1748.13
1813	1850	1798	1832.25	1600	1775.85
1770	1805.9	1765	1800	700	1744.59
1757	1780	1710	1730.8	1300	1677.52
1820	1839	1726	1746.75	2600	1692.98
1909	1948	1785	1803	4800	1747.5
1750	1920	1750	1895.5	6900	1837.15
1699	1775	1660	1749.15	16200	1695.31
1680.1	1688	1641	1652.1	900	1601.24
1710	1710	1660	1678.75	800	1627.07
1695	1720	1676	1683.55	1600	1631.73
1730	1770	1660	1674.2	1500	1622.66
1753.7	1777.9	1700	1720.25	2700	1667.3
1600	1725	1600	1713.5	1200	1660.75
1624.9	1629.9	1580	1593	600	1543.96
1590	1610	1555	1593.35	1100	1544.3
1580	1602	1560.5	1565.6	600	1517.41
1650	1665	1585	1594.9	1400	1545.8
1574	1630	1545	1617.6	900	1567.81
1575	1605	1551	1554.55	900	1506.7
1650	1679	1580	1594.5	1100	1545.42
1687	1698	1630	1636.8	800	1586.41
1719	1744	1656.5	1665.5	900	1614.23
1699	1785	1678	1702.35	2200	1649.95
1679	1732	1675	1685.5	1200	1633.62
1750	1775	1630	1647.25	4300	1596.54
1848	1850	1730	1753.8	1800	1699.81
1800	1880	1799	1824.35	6100	1768.19
1735	1830	1735	1794.85	3300	1739.6
1775	1800.1	1730	1742.15	2400	1688.52
1725	1818	1725	1748.6	2100	1694.77
1750	1800	1725	1728.2	3400	1675
1639	1795	1611	1726.05	13200	1672.92
1475	1639	1475	1608	11100	1558.5
1451.5	1451.5	1451.5	1451.5	0	1406.82
1480	1492	1450	1451.5	400	1406.82
1459	1500	1449	1490.5	700	1444.62
1457	1470	1455	1466	200	1420.87
1471	1471	1456.5	1470.15	400	1424.89
1451	1463.95	1420	1458	500	1413.12
1425	1460	1425	1450	400	1405.36
1169	1450	1169	1419.1	500	1375.42
1470	1476	1440	1444.1	900	1399.65
1451	1452	1425	1440	700	1395.67
1481.1	1499	1440	1449.3	1700	1404.69
1414	1554	1414	1524.2	1800	1477.28
1487	1522.4	1480	1514.35	1300	1467.73
1525	1551	1486	1499.6	1600	1453.44
1575	1594	1550	1551.1	1800	1503.35
1530	1592	1530	1581.05	1500	1532.38
1530	1574	1520	1541.75	900	1494.29
1605.5	1619	1550.05	1567.8	5300	1519.54
1490	1608.9	1488.7	1593.95	14700	1544.88
1422.35	1460	1422.35	1440.4	15100	1396.06
1465	1470	1420	1421.1	6500	1377.35
1485	1485	1440	1457.95	29600	1413.07
1420	1469	1390	1436.75	30700	1392.52
1445	1445	1401	1418.45	300	1374.79
1450	1455	1423	1430	300	1385.98
1457	1457	1426.05	1433.3	400	1389.18
1460	1480	1325	1424.2	5700	1380.36
1479.95	1491.9	1465	1480	200	1434.44
1510	1515	1400	1419.75	2100	1376.05
1428	1515	1428	1509	3200	1462.55
1525	1525	1452.05	1456.65	700	1411.81
1485	1524	1485	1502	500	1455.76
1512	1520	1475	1499.35	600	1453.2
1563	1563	1505	1505	400	1458.67
1512.2	1512.2	1512.2	1512.2	0	1465.65
1529	1549	1510	1512.2	700	1465.65
1519	1543	1505	1527.45	1400	1480.43
1480	1515	1475	1505.85	3200	1459.5
1455	1490	1445	1482.75	1200	1437.11
1434	1501	1434	1450.6	1200	1405.95
1400	1425	1391.1	1403.05	2500	1359.86
1440.05	1473.95	1381	1398.95	900	1355.89
1500	1550	1431.5	1437.8	9400	1393.54
1364	1476.2	1345	1440.15	5700	1395.82
1344.95	1353.95	1305	1342	1400	1300.69
1355.25	1360	1310	1335.95	1800	1294.83
1348.5	1383	1300	1354.15	1900	1312.47
1520	1520	1350.1	1365.1	4600	1323.08
1439.9	1523	1435	1496.9	5800	1450.82
1410	1452	1410	1432.45	1800	1388.35
1410	1410	1385	1406.75	700	1363.45
1404.9	1430	1395	1399	600	1355.93
1395	1400	1379	1397	700	1354
1405	1427	1359	1365.7	1000	1323.66
1400	1428	1395.5	1406.8	200	1363.49
1448.8	1450	1405	1414.9	400	1371.34
1442	1450	1425	1434.35	900	1390.2
1386.05	1419	1386.05	1411.8	2200	1368.34
1448	1448	1395	1402.5	1600	1359.33
1375.05	1418	1375.05	1405.3	4800	1362.04
1425	1425	1365	1372.05	2500	1329.81
1453	1453	1401	1410.55	1100	1367.13
1450	1489	1450	1451.85	2000	1407.16
1425	1490	1425	1440.9	1500	1396.54
1466	1474	1392	1401.9	4900	1358.75
1388	1454	1360	1425.9	5400	1382.01
1268	1383.05	1252	1354.9	8200	1313.19
1298	1298	1247.1	1257.35	1200	1218.64
1230.05	1270	1230.05	1237.05	1000	1198.97
1250	1264.95	1220	1232.95	600	1195
1207.95	1304	1195	1241	1600	1202.8
1190	1212.95	1190	1201	300	1164.03
1191	1199.9	1178.05	1178.05	0	1141.79
1190	1210	1185.05	1192	900	1155.31
1220	1220	1170	1190.85	1600	1154.19
1217	1230	1200	1202.95	1900	1165.92
1195	1225	1195	1204	1200	1166.94
1175	1200	1171	1196.65	900	1159.81
1200	1200	1149	1151.35	900	1115.91
1200	1200	1175	1175	600	1138.83
1185.05	1210	1180	1182.2	700	1145.81
1180	1205	1179	1184.8	600	1148.33
1145	1208	1145	1168.75	2500	1132.77
1130	1191	1118	1151.85	400	1116.39
1200	1210	1145	1159.75	2500	1124.05
1235	1275	1180	1192.5	1900	1155.79
1290	1290	1236	1236.25	600	1198.19
1300	1300	1251.05	1260.95	600	1222.13
1300	1320	1280	1298.2	800	1258.24
1285	1310	1285	1295.05	800	1255.18
1280	1299	1260.05	1293.4	800	1253.59
1295	1300	1240	1285.25	1200	1245.69
1321	1330	1290	1294.6	1000	1254.75
1279	1339	1279	1302.65	3200	1262.55
1222	1280	1191.25	1253.1	1500	1214.53
1183.05	1220	1182	1191	900	1154.34
1200	1220	1181.1	1193.9	600	1157.15
1190	1210	1180	1199.55	700	1162.62
1190	1199	1190	1193	200	1156.28
1156	1201	1150	1180.9	1000	1144.55
1190.5	1210	1175	1186.6	700	1150.07
1170	1235	1161	1194.5	1800	1157.73
1150	1210	1150	1177.6	900	1141.35
1115	1180	1115	1171.95	1000	1135.87
1041.25	1149.5	1041.25	1126.45	1300	1091.77
1091	1091	1041	1045	100	1012.83
1075	1075	1045	1049	200	1016.71
1070	1109.9	1070	1089.9	200	1056.35
1115	1144	1103.1	1111.65	2100	1077.43
1024	1111.95	1015	1109.75	6100	1075.59
1010.9	1010.9	1010.9	1010.9	0	979.78
999	1030	999	1010.9	400	979.78
1029.9	1029.9	983	985.45	0	955.11
998	1013	995	995	700	964.37
955.1	1050.5	950	1001.55	5100	970.72
940.05	960	940.05	955	100	925.6
974	974	940	945.4	100	916.3
952	970	950	951	200	921.73
985.25	992	940	951.25	1000	921.97
1008.05	1008.05	1008.05	1008.05	0	977.02
1050	1065	994	1008.05	1700	977.02
952	1066.5	952	1066.5	3000	1033.67
912.95	975	903.5	969.55	1800	939.7
901.2	901.2	901.2	901.2	0	873.46
891.1	910	890	901.2	1600	873.46
895	900	885	895.1	200	867.55
890	900	887	891.8	500	864.35
892	892	891.25	891.25	0	863.81
883.7	883.7	883.7	883.7	0	856.5
880	886.95	865	883.7	100	856.5
885	885	880	880	0	852.91
880	888.75	870	870.5	200	843.7
865	878	865	878	0	850.97
860	869	850	854.4	1000	828.1
884	884	870	875	0	848.06
908	908	875	876.15	400	849.18
915	915	886.25	891.65	1400	864.2
910	912	891	912	2600	883.93
905	907	902	905	200	877.14
903.95	905	895.05	900	1200	872.3
862	900	862	894.55	1100	867.01
877	880	875	876	100	849.03
890	890	890	890	0	862.6
866	890	866	890	600	862.6
872	872	872	872	0	845.16
875.05	875.05	872	872	0	845.16
890.05	890.05	876	876.65	100	849.66
910	910	885	887.8	300	860.47
920	935	908	908	700	880.05
910	919	910	911	300	882.96
909	921	901.1	919.85	5400	891.53
900	902	892	900	300	872.3
899	908	899	900.15	300	872.44
897	915	897	910.8	1700	882.76
893.5	893.5	875	885.2	600	857.95
880.05	880.05	873.25	877.55	200	850.54
885.95	885.95	880.1	880.1	0	853.01
880.05	885	875	875.05	200	848.11
880	905.95	875	875.75	600	848.79
884.9	925	870	870.55	200	843.75
883.2	885	867.25	867.25	100	840.55
865	895	861.05	864.15	300	837.55
860	879	856	868.5	100	841.76
880	880	870	870	0	843.22
875	881.95	866.1	866.2	100	839.54
888.7	888.7	888.7	888.7	0	861.34
884	899	868	888.7	10200	861.34
880	880	869	871.1	100	844.28
888	888	888	888	0	860.66
899	899	886	887.15	300	859.84
910	917	896	900	200	872.3
890	904.5	890	904	400	876.17
900	906	900	900	300	872.3
894	905	894	900	500	872.3
880	890	880	886.4	200	859.11
885	899	885	886	300	858.73
861	904.9	861	874.1	300	847.19
842.05	858	842.05	851.65	0	825.43
878	895	852	864.3	300	837.69
904	904	879.25	902.2	100	874.43
878	900	865	888.75	400	861.39
884	884	863	863	100	836.43
885	886	860	869.9	300	843.12
877	880	865	877.35	1400	850.34
882	882	871.3	875	100	848.06
886	886	875.1	880.2	0	853.1
881.1	882.5	875	875.8	100	848.84
880.1	880.1	880.1	880.1	0	853.01
887	887	880	880	0	852.91
888	890.3	880	885	300	857.76
893	893	880	882.75	200	855.58
915	915	881	882.1	300	854.95
892	895	889	889	100	861.63
900	901	891	891.85	200	864.4
891	904	891	900.95	100	873.22
900	905	897.25	899	100	871.33
910	910	910	910	0	881.99
890	905.5	890	900	200	872.3
905	919.9	893	893	700	865.51
910	917	885	891	300	863.57
920.05	925	915.1	915.15	300	886.98
947	947	920	924.5	500	896.04
999	1000	925	933.9	900	905.15
924	940	915.55	921.15	800	892.79
890	915	890	910.8	800	882.76
875	890	875	883.8	700	856.59
860	875	860	874.7	100	847.77
869.95	877	862	877	200	850
854	870	854	860.05	100	833.57
865	868.55	853.1	853.1	200	826.84
865	870.55	853	857	100	830.62
848.1	860	846.1	860	100	833.53
875	875	853	855.05	200	828.73
865	876.55	863	869.9	400	843.12
840	880	840	869.7	700	842.93
860	860	842	844	100	818.02
865	871	842	842.15	300	816.23
869.95	880	864	870	400	843.22
857	870	857	869.75	100	842.98
845	875	845	864.65	600	838.03
850	859.95	841	843	0	817.05
850	854	845.05	851.05	200	824.85
845	850	844.25	849	100	822.87
845	847.45	826	845	100	818.99
875	875	830	850.5	500	824.32
850.1	865	845	847.1	200	821.02
846	846	843.95	844	0	818.02
831.5	834.5	831.5	833.85	0	808.18
845	845	825	825	0	799.6
837.6	846.5	835.2	837.9	100	812.11
845	850	840.5	850	0	823.83
800.05	848	790	841	300	815.11
800.05	868.75	800.05	864	0	837.4
834	849	825	842	100	816.08
817	825	817	818.35	0	793.16
827	835	806	814.75	600	789.67
839	844	820	820.65	200	795.39
840	840	839.95	839.95	0	814.09
853.25	854	851	854	0	827.71
850	865	846	865	200	838.37
820	860	779.85	860	100	833.53
846	857	846	857	0	830.62
843.05	850	841	843.85	200	817.87
841	852	840	851.15	100	824.95
824	848	824	842	0	816.08
832.5	853.95	832.5	845.05	0	819.04
850	850	830	830.15	100	804.6
855	855	835	845	200	818.99
879	879	834	838	200	812.2
879	880	866	870.75	0	843.95
875	880	874	880	100	852.91
869	885	852.75	875	100	848.06
885	885	869	869	100	842.25
878	878	865	875	300	848.06
881.05	881.05	876	876.25	100	849.28
913	913	882	889	100	861.63
911.05	927	911	925	300	896.53
906.5	915	905	909.05	200	881.07
906	917	905.05	910.15	400	882.13
910	910	905	910	400	881.99
905.05	915	905	910	600	881.99
905	920	905	912.7	800	884.6
909	914	904.1	910	600	881.99
910	911	906	910	500	881.99
910	914.95	902.5	910	100	881.99
910	910	901	910	100	881.99
903.5	916	903	910.1	200	882.08
900	917	900	917	300	888.77
890	901	890	894	0	866.48
900	900	895.1	900	100	872.3
889.5	905	889.5	904.3	0	876.46
900	905	895	897.6	200	869.97
890.05	904	890.05	898.45	100	870.79
896	900	896	900	0	872.3
900	900	895	898.2	200	870.55
890.05	902	890.05	900.95	100	873.22
900	900	886	886.25	100	858.97
897	897	891	891	0	863.57
901	902.5	899	902.5	100	874.72
906	922	906	909.95	300	881.94
905.05	915	901.05	902.1	100	874.33
880	925	880	908	400	880.05
900	909	900	900	100	872.3
900	900	900	900	0	872.3
900	900	895	895	100	867.45
915	926	901.25	902.35	400	874.57
900	908.9	893.05	901.1	200	873.36
924	924	908.05	912	100	883.93
902	930	902	924	1400	895.56
900	958.9	890	914.65	3600	886.49
885	895	880	880	700	852.91
889.1	898.95	870	878.75	900	851.7
870	920	870	880.15	2300	853.06
875	884	860	865.4	1600	838.76
886	886	855.5	861	400	834.5
889	889.9	865.05	870.2	3100	843.41
860	875	860	866.25	400	839.58
860	866	850	852.1	400	825.87
850	850	846	846.85	200	820.78
864.5	864.5	850	850	400	823.83
850	880	850	864	2800	837.4
830	852	830	839.9	500	814.05
869	869	815	819.35	1100	794.13
830	898.8	820	867.8	3100	841.09
835	853	820	832.3	500	806.68
810	824	810	820	100	794.76
810	817.9	805	813	0	787.97
799	804	799	804	0	779.25
840	853	800	807.1	400	782.25
831	840	820	840	100	814.14
835	840	802	807.9	200	783.03
840	868.25	810	816.8	100	791.66
820	840	800	812.15	600	787.15
781	810	781	810	800	785.07
800	802	785.1	800.6	1300	775.96
791	806	780.05	780.05	1000	756.04
820	820	795.1	802.2	700	777.51
807	835	801	801	0	776.34
830	836	826	826	0	800.57
841	848	830.15	830.15	100	804.6
836	874.95	836	860	1500	833.53
870	870	853	853.5	100	827.23
860	865	855.6	861	200	834.5
884	884	861	861.6	200	835.08
875	885	870	875.4	200	848.45
867	887	867	876.95	600	849.95
867	878	866	870.05	100	843.27
872.5	889.95	865	870.95	900	844.14
865	915	850	851.6	2000	825.39
785	885	785	857.5	2100	831.1
800	800	785.05	790	0	765.68
790	825	767	785.95	2100	761.76
775	785	775	785	100	760.84
795	799	780	780	500	755.99
751	800	751	791.1	400	766.75
751	772	750	750	500	726.91
785	794	751.05	757.25	400	733.94
796.25	804	782.05	794.35	300	769.9
790	820	790	794.35	200	769.9
820	820	795.05	804.8	400	780.03
813	840	810	822.9	100	797.57
815.2	845	815.1	829.95	3100	804.4
848	848	812.1	813.9	1100	788.85
845	851	815	843.1	2600	817.15
824	835	816.7	835	100	809.3
805.1	830	805.1	830	0	804.45
780	826	741	814.35	7500	789.28
716.7	807	716.7	795	0	770.53
787	799.8	785	787.6	100	763.36
807	807.25	790	792.35	400	767.96
810.1	810.1	810	810	0	785.07
830	839	794	794.05	200	769.61
840	840	826.05	826.1	0	800.67
851.05	851.05	850.25	850.85	0	824.66
863.1	880	851	858.25	100	831.83
875	885	870.05	884.7	1400	857.47
870	880	853.2	880	1500	852.91
879	882	865	873.1	1200	846.22
879	880	866.2	870.95	300	844.14
855	885	855	878.65	800	851.6
846	873	845	867.2	300	840.5
874	878	865.5	874.7	500	847.77
870	873	865	869.3	700	842.54
869	870	854.25	863	3600	836.43
868	874.95	860	865.35	500	838.71
852	879	852	865.25	100	838.61
817	874	817	865.25	800	838.61
825	860	825	846.75	600	820.68
825	849	825	840	500	814.14
875.5	895	740	835.05	2900	809.34
880.1	892	880.1	891	400	863.57
882	902	882	887.5	900	860.18
889	907	880	892.65	2700	865.17
885	898	884	893.35	1500	865.85
891	894	882.15	890.85	1400	863.43
884	900	881	886.7	1600	859.4
882	893	870	890.05	1400	862.65
900	902	880	894.1	2700	866.58
895	899	843	888.55	5900	861.2
845	860	835	850.85	1800	824.66
845	858.65	827	847.75	1800	821.65
817	864.95	809	840.1	4200	814.24
824	825	800	808.85	600	783.95
815	815	795	808.3	400	783.42
800	812	784	807.7	3000	782.84
788.95	789	779.1	781.45	200	757.39
761	795	761	771.5	600	747.75
763	770	762.5	762.55	0	739.08
770	773.1	760	762.45	100	738.98
746	761.05	746	760.65	200	737.23
786	788	755	756.65	500	733.36
792	800	781.5	792.85	200	768.44
784.95	791	779.1	786.9	600	762.68
775.05	793.45	766	767.4	200	743.78
820	825	781	783.7	600	759.58
824.9	824.9	775.5	780.55	1000	756.52
829	837	785.1	800.95	1600	776.29
735.4	850	735.4	824	6000	798.63
720.1	747.5	720.1	738.45	2400	715.72
730	735	726.3	733.6	400	711.02
725	735	716	729.85	700	707.38
725	727	712	726	4800	703.65
725	729.95	720.5	728.35	800	705.93
702.05	728.9	702.05	705.6	9200	683.88
710	710	702.05	709.85	5400	688
676	715	676	704.8	1700	683.1
735	735	716	719.4	0	697.25
734	740	718.25	724.85	2800	702.54
709.1	754	709.1	734	1600	711.41
705.05	714.95	705.05	707.65	200	685.87
725	725	702	703.5	200	681.84
709	727.95	709	719.5	1200	697.35
678	717.95	678	710.35	700	688.48
632.15	677.95	632.15	671	3300	650.34
636.05	655	636.05	649.15	300	629.17
631	659	631	643.45	800	623.64
600	645	600	634.7	1000	615.16
751.9	751.9	650	657.95	2300	637.7
670	685	660	678.2	800	657.32
717.5	723.95	675	683.6	2800	662.56
725	757.95	725	741.05	1500	718.24
785	797.95	720	740.7	3600	717.9
768	789.9	768	777.5	600	753.57
800	800	756	759.65	3300	736.27
781	807.9	781	797	1600	772.47
792	800	775.5	777.35	2000	753.42
792	815	785.05	791.85	1700	767.47
799.7	819	786	804.45	4200	779.69
813	813	790.15	795.55	3800	771.06
814	836	801.05	805	8600	780.22
730	833.95	690.15	797.05	32300	772.51
718	804	710	734.95	16200	712.33
632	748	624	717.15	17800	695.07
640	640	623	623.35	1300	604.16
637.95	640	620	622.5	800	603.34
620	648.9	620	628.15	2400	608.81
610	648.8	610	638.55	5000	618.89
624.4	646.5	600	626.85	6900	607.55
619.1	619.1	599.05	600.3	5200	581.82
608	614.95	600	602.7	1300	584.15
602	609	600	601.6	400	583.08
560	595	560	589.5	1400	571.35
610	617.95	580.5	586.3	8000	568.25
618.05	628	600	602.1	2100	583.57
624	631	617	618.8	4500	599.75
675	680	606.1	611.05	18600	592.24
625	639.9	592	620.3	13800	601.21
558	609.15	550	607.2	14900	588.51
491	569.95	488	507.65	433100	492.02
485	489.25	479	484.5	8300	469.59
480.15	488	480	481.3	500	466.48
480.05	489.5	480.05	482.5	100	467.65
493.95	493.95	480.15	484.95	200	470.02
481.1	488	481.05	486.9	200	471.91
478.05	494.8	478.05	484.95	200	470.02
487	487	480.5	483.75	600	468.86
495	495	485.6	486	400	471.04
480	491	480	487	300	472.01
484	486	483.5	484	100	469.1
485	489	482.5	486.3	400	471.33
480	485	480	480	0	465.22
478.1	483	471.1	478.95	400	464.21
474	484.95	460.1	478	200	463.29
476.9	481	467	468.7	300	454.27
483	483	460	463.95	300	449.67
465	480	465	480	100	465.22
475	482	465.05	465.6	100	451.27
480.95	482	468.25	468.25	200	453.84
490	490	466	468.4	100	453.98
480	485	471.15	485	100	470.07
485	490	481	484.75	100	469.83
487.5	487.5	477.5	480	0	465.22
491	491	480	481.05	100	466.24
490	490	470	482.95	100	468.08
470	487	470	487	100	472.01
490	490	481	482	400	467.16
485.2	485.5	481.1	482	200	467.16
491	507	482	482	500	467.16
490	508	475	505.4	1900	489.84
491	500	484.25	498.5	1200	483.15
495	496	488.25	492.05	400	476.9
480	496	480	495	500	479.76
482	494.5	482	492.7	300	477.53
485	485	475	478.3	300	463.58
470	487	470	480.5	200	465.71
480	485	480	482.1	100	467.26
505	505	460	483.95	400	469.05
475	489	475	477.65	100	462.95
460	490	460	483	200	468.13
480	489	478.05	486.5	200	471.52
455	489.45	455	483.55	300	468.66
490	490	485	486	300	471.04
501.85	501.85	485	486.35	100	471.38
501	508	485	485.05	400	470.12
505	505	492	500	0	484.61
514	514	494	495	100	479.76
491	491	486	486	300	471.04
496	496	490	495	0	479.76
513.95	515	492.5	496.65	300	481.36
489.75	489.75	488.9	489	0	473.95
481	490.95	478	484	300	469.1
487	489.5	485.05	485.05	100	470.12
490	499.75	486.3	491.75	200	476.61
485.7	489.65	485	489.65	0	474.58
485.05	489	485.05	489	0	473.95
492.55	496.7	478	482.55	1700	467.7
490	495	488.1	491.9	200	476.76
495	497.95	483.1	483.35	300	468.47
490.1	490.1	484	485	1800	470.07
503	507.95	495	495.7	500	480.44
510	518	506	517.45	100	501.52
515	515	505	509.95	0	494.25
509	512	500	506	500	490.42
506.5	516	505	508.7	0	493.04
540	540	501.1	505.85	500	490.28
535	536	521	530	200	513.68
545.5	545.5	530	534.1	400	517.66
540	555	540	543.3	100	526.58
552.5	552.7	547	550	100	533.07
545	554	540	554	0	536.95
567	567	540	543.5	100	526.77
560	560	542.25	546	700	529.19
570	570	555.8	557	100	539.85
550	568.95	546	565.2	0	547.8
555	555	555	555	0	537.92
542.05	550	542	545	200	528.22
555	560	540	545	100	528.22
550	555	543	547.95	300	531.08
575	584.95	551	561.15	100	543.88
586.85	600	562.1	585.3	100	567.28
659	659	659	659	7000	638.71
1120	1284	1105	1230.4	3200	1192.52
1120	1125	1102.05	1113	300	1078.74
1145	1148	1125.1	1125.1	200	1090.47
1139.95	1140	1118	1134.15	1100	1099.24
1084	1142	1082.1	1123.65	1300	1089.06
1070.05	1090	1070.05	1078.9	1100	1045.69
1075	1094.95	1071.55	1083.55	700	1050.2
1095	1095	1070.05	1080	400	1046.75
1075	1094.9	1075	1087.85	500	1054.36
1000.1	1079	1000.1	1078	500	1044.82
1077	1077.9	1070.25	1075.05	300	1041.96
1070	1077	1067	1072	500	1039
1065	1076.95	1065	1069.8	600	1036.87
1055	1075	1055	1075	300	1041.91
1062	1077.9	1062	1071.15	500	1038.18
1065	1080	1065	1073.85	900	1040.79
1057	1080	1057	1073.35	500	1040.31
1085	1095	1070	1072.25	700	1039.24
1077.25	1085	1055	1074.7	800	1041.62
1049	1070	1040	1061.3	1900	1028.63
1058	1074	1045	1065.7	3900	1032.89
1057	1080	1040	1052.7	3000	1020.29
1029.95	1062	1020.1	1057.1	2000	1024.56
1032	1036	1008	1012.15	900	980.99
1039.95	1060	1014	1031.2	2000	999.46
950	1011	950	1000.25	2000	969.46
970	975	952	956.9	1100	927.44
932	963	932	960	1000	930.45
933.85	933.85	933.85	933.85	0	905.1
908	942.5	908	933.85	1400	905.1
924.95	924.95	906.1	906.1	0	878.21
887.6	887.6	887.6	887.6	0	860.28
887.6	887.6	887.6	887.6	0	860.28
884	893	883.55	887.6	200	860.28
910.1	915	905	905	600	877.14
875.25	875.25	875.25	875.25	0	848.31
860.05	885	860	875.25	1000	848.31
868	868	850.05	865	400	838.37
857.9	874.95	852.5	869.15	700	842.39
889	889.95	856.3	857.25	800	830.86
855	855	840	852.1	900	825.87
860	867.95	844.05	858.65	800	832.22
865	870	850.05	864.5	600	837.89
875	879.95	866.15	876.2	900	849.23
890	901	878	878	700	850.97
892	898	880.4	890.25	700	862.85
909	909	895	895.05	500	867.5
904	906	900	906	200	878.11
918.95	918.95	895	900	700	872.3
916.3	916.3	916.3	916.3	0	888.09
916.3	916.3	916.3	916.3	0	888.09
924	924	910	916.3	500	888.09
937.45	937.45	937.45	937.45	0	908.59
937.45	937.45	937.45	937.45	0	908.59
930	953	910.5	937.45	300	908.59
931	939	916.05	925.6	3400	897.11
935.1	943	931	938	600	909.13
942	950	931	940	500	911.06
956.4	956.4	956.4	956.4	0	926.96
956.4	956.4	956.4	956.4	0	926.96
980.25	989	950	956.4	2200	926.96
990	990	985	987.9	300	957.49
1001	1001	988	990.05	700	959.57
1000	1010	996.05	1000	1200	969.22
1000	1017	993	996	1600	965.34
1011	1011	985	987.2	1400	956.81
985	1015	985	1000	1300	969.22
1004	1004	995	999.95	300	969.17
1000	1000	990	997.75	500	967.04
1000	1004	997	998.15	1100	967.42
987.65	987.65	987.65	987.65	0	957.25
990	998	985	987.65	600	957.25
993	999	993	995.05	200	964.42
990	1000	990	994.95	500	964.32
1060	1060	991.1	996	800	965.34
995.2	1005	985	986.7	1600	956.33
1004.9	1010	995	1000.1	300	969.31
999.95	1010	998	1003.7	200	972.8
1015	1015	993	998.4	1000	967.67
1063.65	1063.65	989	1003.05	1800	972.17
990.05	990.05	975.25	984.9	1100	954.58
1014.85	1014.85	990	991	400	960.49
998.95	1015	991.05	998.4	500	967.67
981.45	981.45	981.45	981.45	0	951.24
985	1004.95	972.05	981.45	700	951.24
980	999	975	987	1400	956.62
1000	1000	980	986.05	800	955.7
1005	1020	990	998.25	700	967.52
1014.95	1015	986	1001.5	700	970.67
1011	1031	960	995.85	2200	965.19
1061.3	1095	1040	1042.85	1000	1010.75
1071	1084	1060	1073.5	300	1040.45
1031	1084	1030	1070.6	700	1037.64
1094.95	1095	1065	1067.05	500	1034.2
1060	1095	1050	1094	900	1060.32
1130	1130	1030	1105.75	3500	1071.71
1185.05	1185.05	1185.05	1185.05	0	1148.57
1178	1194.6	1163	1185.05	700	1148.57
1150	1174	1137.5	1165.85	2000	1129.96
1197.45	1197.45	1197.45	1197.45	0	1160.59
1218	1238	1190	1197.45	1200	1160.59
1235	1243	1216	1222.1	300	1184.48
1250	1250	1229	1230	400	1192.14
1250	1250	1230	1238.2	900	1200.08
1255	1270	1255	1260	500	1221.21
1260	1283	1259	1272.35	1200	1233.18
1278	1292	1260	1271.5	600	1232.36
1265	1284	1265	1270.75	500	1231.63
1280	1295	1250	1271.05	1300	1231.92
1300	1300	1300	1300	0	1259.98
1300	1300	1300	1300	0	1259.98
1310	1317	1250	1300	2900	1259.98
1325	1335	1303	1314.85	800	1274.37
1350	1351	1312.2	1323.8	900	1283.05
1366	1390	1345	1363.5	200	1321.53
1375	1387	1361	1368.35	800	1326.23
1383.5	1407	1381.1	1384.25	600	1341.64
1350	1380	1350	1374.7	1800	1332.38
1410	1420	1380	1389.25	700	1346.48
1410	1419	1400	1410	1200	1366.6
1405	1416	1395	1400.1	1300	1357
1391.5	1425	1391.5	1409.8	700	1366.4
1390	1410	1390	1400	700	1356.9
1410	1410	1393	1402.45	2400	1359.28
1413.95	1413.95	1413.95	1413.95	0	1370.42
1411.05	1415	1405	1413.95	1300	1370.42
1410	1420	1410	1410.2	400	1366.79
1405	1415	1400	1409.85	2100	1366.45
1400	1415	1400	1400.9	1200	1357.78
1425	1439.9	1391.1	1401.25	500	1358.12
1412	1422	1395	1413.2	1600	1369.7
1414	1415	1400	1400	400	1356.9
1437.9	1438	1396	1415.15	700	1371.59
1400	1430	1395	1418.3	1000	1374.64
1490	1500	1400	1410	1700	1366.6
1399	1460	1385	1442.35	1500	1397.95
1355	1390	1347	1390	2300	1347.21
1315	1375	1315	1371.4	2000	1329.18
1279.95	1300	1251.1	1300	1100	1259.98
1260	1289	1257	1264.5	700	1225.57
1200	1228	1198.1	1228	4700	1190.2
1211.1	1230	1201	1204.3	600	1167.23
1210	1225	1210	1218	300	1180.51
1230	1230	1200	1207.55	800	1170.38
1198	1218	1190.1	1210	2000	1172.75
1190.1	1210	1190	1198	2100	1161.12
1200	1210	1191.1	1207.5	1400	1170.33
1238	1238	1201	1208.95	400	1171.73
1185	1213.9	1180.25	1210	2000	1172.75
1127	1223.95	1127	1209.8	1700	1172.56
1200	1220	1190.05	1219.4	3200	1181.86
1151.25	1210	1151	1200	2200	1163.06
1200	1230	1150	1200	5100	1163.06
1243.25	1243.25	1243.25	1243.25	0	1204.98
1245	1275	1160	1243.25	3500	1204.98
1120	1120	1120	1120	0	1085.52
988	1120	985	1120	3800	1085.52
989	989	989	989	0	958.56
970.05	1000	950	989	3500	958.56
1040.05	1040.05	1040.05	1040.05	0	1008.03
1101	1130	1031.3	1040.05	9000	1008.03
1120	1160	1100	1120.95	2400	1086.44
1112.1	1112.1	1112.1	1112.1	0	1077.87
1125	1145	1112.1	1112.1	1300	1077.87
1313.9	1313.9	1313.9	1313.9	0	1273.45
1313.9	1313.9	1313.9	1313.9	0	1273.45
1400	1400	1313.9	1313.9	1200	1273.45
1425	1475	1405	1428.1	900	1384.14
1412.5	1460	1412.5	1428.5	1100	1384.53
1340	1439	1340	1412	1000	1368.53
1450	1450	1450	1450	0	1405.36
1465	1470	1432	1450	2700	1405.36
1545	1545	1475	1480.65	800	1435.07
1560	1560	1560	1560	0	1511.98
1580	1610	1540	1560	3500	1511.98
1407	1507.45	1400.05	1507.45	4900	1461.05
1415	1415	1366.05	1395.8	1700	1352.83
1382	1416	1381	1407.85	1600	1364.51
1435	1439	1370	1393	2200	1350.12
1431	1459.95	1395	1450	5400	1405.36
1400	1424.5	1375	1377.25	4100	1334.85
1400	1428	1397	1418	1400	1374.35
1429	1435	1400	1429.9	1600	1385.88
1400	1424.9	1390	1416.8	1100	1373.19
1450	1450	1400	1400	1800	1356.9
1450	1470	1360	1380	9900	1337.52
1500	1500	1450	1450	2100	1405.36
1501	1540	1465	1475	1800	1429.59
1575	1580	1490	1500	4200	1453.83
1475	1475	1475	1475	0	1429.59
1475	1475	1475	1475	0	1429.59
1549	1549	1450	1475	3900	1429.59
1565	1650	1550	1555	4200	1507.13
1474	1555.7	1474	1549	5100	1501.32
1367.15	1367.15	1367.15	1367.15	0	1325.06
1391	1450	1313	1367.15	5600	1325.06
1444	1444	1350	1400	3200	1356.9
1495	1540	1403.05	1412.75	2200	1369.26
1590	1630	1500	1525	2700	1478.06
1555	1670.85	1555	1606.5	6300	1557.05
1670	1670	1545.65	1547.1	6000	1499.48
1810	1850	1679.05	1680	2500	1628.28
1821	1860	1805	1825	900	1768.82
1985	1985	1850	1860	1400	1802.74
1850	1905	1850	1901.5	1000	1842.97
1920	1939	1800	1860.7	3200	1803.42
2000	2029	1917	1917	1400	1857.99
2120	2120	1970	1985	1600	1923.9
2101	2150	2060	2060.7	2500	1997.27
2120	2148	2099.5	2108	2600	2043.11
2160	2170	2085	2085.1	2600	2020.91
2155	2190	2153	2167.5	2600	2100.78
2150	2189.95	2147	2170	2900	2103.2
2150	2199	2126.5	2149.75	3900	2083.57
2235	2250	2145	2184.25	2600	2117.01
2200	2200	2125	2143.6	6300	2077.61
2177	2185	2139	2165	8400	2098.35
2110	2210	2110	2150	3800	2083.82
2165	2173	2126.2	2169.8	2100	2103.01
2250	2275	2152	2153.85	3300	2087.55
2189	2200	2100	2112.2	6900	2047.18
2149.9	2149.9	2149.9	2149.9	0	2083.72
2150	2170	2130	2149.9	3000	2083.72
2128.95	2179	2120	2140	6900	2074.12
2176	2214	2075	2125	5300	2059.59
2230	2239	2172.1	2195	6900	2127.43
2294	2360	2200	2200	7200	2132.28
2277.25	2277.25	2277.25	2277.25	0	2207.15
2290	2300	2252	2277.25	3200	2207.15
2370	2370	2300	2312.5	2800	2241.31
2340	2350	2300	2314	6600	2242.77
2370	2375	2305	2320.5	2800	2249.07
2450	2474	2263.25	2313.65	11400	2242.43
2499	2499	2427	2460	2500	2384.27
2526	2557	2470	2470	2800	2393.97
2625	2634	2450	2489.15	14800	2412.53
2690	2691	2580	2599	3400	2518.99
2697.9	2697.9	2603.05	2665	2600	2582.96
2800	2820	2545	2634.75	19800	2553.64
2648.15	2648.15	2648.15	2648.15	3800	2566.63
2526	2532	2380	2452	22100	2376.52
2399	2526.2	2375	2524.55	23000	2446.84
2280	2454	2280	2339.1	10500	2267.1
2435	2485	2325	2469.9	11000	2393.87
2298	2362.7	2270	2362.7	12700	2289.97
